-7.6600341796875,0.0,0.0,0.001
0.6612670898437499,0.0,0.0,0.002
0.02523193359375,0.0,0.0,0.003
0.02523193359375,0.0,0.0,0.004
0.02523193359375,0.0,0.0,0.005
0.0504638671875,0.0,0.0,0.006
0.02523193359375,0.0,0.0,0.007
-0.0257080078125,0.0,0.0,0.008
0.0504638671875,0.0,0.0,0.009
0.0504638671875,0.0,0.0,0.01
0.076171875,0.0,0.0,0.011
0.15234375,0.0,0.0,0.012
0.1780517578125,0.0,0.0,0.013
0.20328369140625,0.0,0.0,0.014
0.27945556640624997,0.0,0.0,0.015
0.356103515625,0.0,0.0,0.016
0.5089233398437499,0.0,0.0,0.017
0.5341552734375,0.0,0.0,0.018
0.78885498046875,0.0,0.0,0.019
0.1780517578125,0.0,0.0,0.02
0.20328369140625,0.0,0.0,0.021
0.30516357421875,0.0,0.0,0.022
0.6103271484375,0.0,0.0,0.023
0.94119873046875,0.0,0.0,0.024
1.32301025390625,0.0,0.0,0.025
1.8319335937499999,0.0,0.0,0.026
2.34085693359375,0.0,0.0,0.027
2.9773681640625,0.0,0.0,0.028
3.74051513671875,0.0,0.0,0.029
4.6569580078124995,0.0,0.0,0.03
5.7766845703125,0.0,0.0,0.031
6.9725830078125,0.0,0.0,0.032
8.34700927734375,0.0,0.0,0.033
9.89901123046875,0.0,0.0,0.034
10.20465087890625,0.0,0.0,0.035
9.5681396484375,0.0,0.0,0.036
8.983044433593749,0.0,0.0,0.037
8.62694091796875,0.0,0.0,0.038
8.70311279296875,0.0,0.0,0.039
9.1358642578125,0.0,0.0,0.04
10.00089111328125,0.0,0.0,0.041
11.069677734375,0.0,0.0,0.042
12.825439453125,0.0,0.0,0.043
14.93778076171875,0.0,0.0,0.044
12.2912841796875,0.0,0.0,0.045
7.83760986328125,0.0,0.0,0.046
4.60601806640625,0.0,0.0,0.047
2.64649658203125,0.0,0.0,0.048
1.9338134765625,0.0,0.0,0.049
2.2137451171875,0.0,0.0,0.05
3.2572998046875,0.0,0.0,0.051
4.8093017578124995,0.0,0.0,0.052
6.8707031249999995,0.0,0.0,0.053
8.830224609375,0.0,0.0,0.054
5.8780883789062495,0.0,0.0,0.055
1.98475341796875,0.0,0.0,0.056
0.10140380859374999,0.0,0.0,0.057
-0.279931640625,0.0,0.0,0.058
-0.25469970703125,0.0,0.0,0.059
-0.0257080078125,0.0,0.0,0.06
0.0504638671875,0.0,0.0,0.061
0.0,0.0,0.0,0.062
-0.35657958984375,0.0,0.0,0.063
-1.7814697265625,0.0,0.0,0.064
-2.6212646484374997,0.0,0.0,0.065
-1.6034179687499999,0.0,0.0,0.066
-0.55986328125,0.0,0.0,0.067
0.0,0.0,0.0,0.068
-0.1018798828125,0.0,0.0,0.069
-0.6617431640625,0.0,0.0,0.07
-2.11234130859375,0.0,0.0,0.071
-4.682666015625,0.0,0.0,0.072
-8.37271728515625,0.0,0.0,0.073
-13.105847167968749,0.0,0.0,0.074
-10.968273925781249,0.0,0.0,0.075
-6.03138427734375,0.0,0.0,0.076
-3.15589599609375,0.0,0.0,0.077
-1.7814697265625,0.0,0.0,0.078
-1.6034179687499999,0.0,0.0,0.079
-2.64697265625,0.0,0.0,0.08
-4.402734375,0.0,0.0,0.081
-6.4641357421875,0.0,0.0,0.082
-8.37271728515625,0.0,0.0,0.083
-9.39056396484375,0.0,0.0,0.084
-5.6243408203125,0.0,0.0,0.085
-2.01046142578125,0.0,0.0,0.086
-0.35657958984375,0.0,0.0,0.087
0.0,0.0,0.0,0.088
0.3303955078125,0.0,0.0,0.089
0.9921386718749999,0.0,0.0,0.09
2.26468505859375,0.0,0.0,0.091
4.4784301757812495,0.0,0.0,0.092
8.1684814453125,0.0,0.0,0.093
13.56383056640625,0.0,0.0,0.094
13.258190917968749,0.0,0.0,0.095
8.80499267578125,0.0,0.0,0.096
5.70003662109375,0.0,0.0,0.097
4.0713867187499995,0.0,0.0,0.098
4.0713867187499995,0.0,0.0,0.099
5.26776123046875,0.0,0.0,0.1
7.22728271484375,0.0,0.0,0.101
9.7718994140625,0.0,0.0,0.102
13.1310791015625,0.0,0.0,0.103
15.395764160156249,0.0,0.0,0.104
9.08492431640625,0.0,0.0,0.105
3.38441162109375,0.0,0.0,0.106
0.71220703125,0.0,0.0,0.107
-0.05093994140625,0.0,0.0,0.108
-0.38181152343749997,0.0,0.0,0.109
-1.1197265625,0.0,0.0,0.11
-2.72314453125,0.0,0.0,0.111
-5.77716064453125,0.0,0.0,0.112
-10.86639404296875,0.0,0.0,0.113
-15.6,0.0,0.0,0.114
-15.6,0.0,0.0,0.115
-8.830700683593749,0.0,0.0,0.116
-4.1737426757812495,0.0,0.0,0.117
-1.807177734375,0.0,0.0,0.118
-1.6034179687499999,0.0,0.0,0.119
-2.69791259765625,0.0,0.0,0.12
-4.3008544921875,0.0,0.0,0.121
-5.77716064453125,0.0,0.0,0.122
-6.1080322265625,0.0,0.0,0.123
-3.6648193359375,0.0,0.0,0.124
1.5010620117187499,0.0,0.0,0.125
2.34085693359375,0.0,0.0,0.126
1.0178466796874999,0.0,0.0,0.127
-0.53463134765625,0.0,0.0,0.128
-1.0435546875,0.0,0.0,0.129
-0.5093994140625,0.0,0.0,0.13
0.76314697265625,0.0,0.0,0.131
3.20635986328125,0.0,0.0,0.132
7.710498046875,0.0,0.0,0.133
12.72403564453125,0.0,0.0,0.134
6.36177978515625,0.0,0.0,0.135
-1.45059814453125,0.0,0.0,0.136
-3.4610595703125,0.0,0.0,0.137
-3.1049560546875,0.0,0.0,0.138
-1.2725463867187499,0.0,0.0,0.139
0.20328369140625,0.0,0.0,0.14
1.39918212890625,0.0,0.0,0.141
1.88287353515625,0.0,0.0,0.142
0.68697509765625,0.0,0.0,0.143
-3.562939453125,0.0,0.0,0.144
0.96690673828125,0.0,0.0,0.145
9.18680419921875,0.0,0.0,0.146
15.0906005859375,0.0,0.0,0.147
15.59952392578125,0.0,0.0,0.148
15.59952392578125,0.0,0.0,0.149
15.4467041015625,0.0,0.0,0.15
12.673095703125,0.0,0.0,0.151
8.321301269531249,0.0,0.0,0.152
3.48629150390625,0.0,0.0,0.153
-0.45845947265625,0.0,0.0,0.154
0.45798339843749997,0.0,0.0,0.155
-1.1197265625,0.0,0.0,0.156
-4.63172607421875,0.0,0.0,0.157
-7.9399658203125,0.0,0.0,0.158
-9.797607421875,0.0,0.0,0.159
-10.561230468749999,0.0,0.0,0.16
-10.561230468749999,0.0,0.0,0.161
-9.44150390625,0.0,0.0,0.162
-6.286083984375,0.0,0.0,0.163
-0.73839111328125,0.0,0.0,0.164
-5.4205810546875,0.0,0.0,0.165
-11.07015380859375,0.0,0.0,0.166
-13.691418457031249,0.0,0.0,0.167
-14.276513671875,0.0,0.0,0.168
-13.691418457031249,0.0,0.0,0.169
-12.39364013671875,0.0,0.0,0.17
-10.53599853515625,0.0,0.0,0.171
-7.9656738281249995,0.0,0.0,0.172
-4.5046142578124995,0.0,0.0,0.173
-0.89073486328125,0.0,0.0,0.174
-1.9342895507812499,0.0,0.0,0.175
-1.9090576171875,0.0,0.0,0.176
-0.61080322265625,0.0,0.0,0.177
0.10140380859374999,0.0,0.0,0.178
0.6612670898437499,0.0,0.0,0.179
1.04307861328125,0.0,0.0,0.18
1.2720703125,0.0,0.0,0.181
1.475830078125,0.0,0.0,0.182
1.5010620117187499,0.0,0.0,0.183
0.5850952148437499,0.0,0.0,0.184
2.95166015625,0.0,0.0,0.185
6.3365478515625,0.0,0.0,0.186
8.245129394531249,0.0,0.0,0.187
8.80499267578125,0.0,0.0,0.188
8.52506103515625,0.0,0.0,0.189
7.710498046875,0.0,0.0,0.19
6.64171142578125,0.0,0.0,0.191
5.6748046875,0.0,0.0,0.192
4.04615478515625,0.0,0.0,0.193
1.52677001953125,0.0,0.0,0.194
3.99521484375,0.0,0.0,0.195
7.02352294921875,0.0,0.0,0.196
7.96519775390625,0.0,0.0,0.197
7.8885498046875,0.0,0.0,0.198
7.150634765625,0.0,0.0,0.199
6.08184814453125,0.0,0.0,0.2
5.31822509765625,0.0,0.0,0.201
4.3770263671875,0.0,0.0,0.202
3.1044799804687497,0.0,0.0,0.203
1.1701904296874999,0.0,0.0,0.204
2.9773681640625,0.0,0.0,0.205
4.75836181640625,0.0,0.0,0.206
4.911181640625,0.0,0.0,0.207
4.4784301757812495,0.0,0.0,0.208
3.8171630859375,0.0,0.0,0.209
3.28253173828125,0.0,0.0,0.21
2.92642822265625,0.0,0.0,0.211
2.4936767578125,0.0,0.0,0.212
1.8576416015625,0.0,0.0,0.213
0.76314697265625,0.0,0.0,0.214
1.475830078125,0.0,0.0,0.215
1.90858154296875,0.0,0.0,0.216
1.6538818359375,0.0,0.0,0.217
1.3487182617187499,0.0,0.0,0.218
1.14495849609375,0.0,0.0,0.219
1.04307861328125,0.0,0.0,0.22
0.94119873046875,0.0,0.0,0.221
0.86502685546875,0.0,0.0,0.222
0.6103271484375,0.0,0.0,0.223
0.2542236328125,0.0,0.0,0.224
0.30516357421875,0.0,0.0,0.225
0.0504638671875,0.0,0.0,0.226
-0.0257080078125,0.0,0.0,0.227
-0.2294677734375,0.0,0.0,0.228
-0.25469970703125,0.0,0.0,0.229
-0.1018798828125,0.0,0.0,0.23
-0.15281982421874998,0.0,0.0,0.231
0.0,0.0,0.0,0.232
-0.17852783203125,0.0,0.0,0.233
-0.25469970703125,0.0,0.0,0.234
-0.8397949218749999,0.0,0.0,0.235
-1.47630615234375,0.0,0.0,0.236
-1.9342895507812499,0.0,0.0,0.237
-1.807177734375,0.0,0.0,0.238
-1.65435791015625,0.0,0.0,0.239
-1.399658203125,0.0,0.0,0.24
-1.1963745117187499,0.0,0.0,0.241
-1.2216064453125,0.0,0.0,0.242
-1.47630615234375,0.0,0.0,0.243
-1.57818603515625,0.0,0.0,0.244
-2.3413330078125,0.0,0.0,0.245
-2.8759643554687497,0.0,0.0,0.246
-3.13018798828125,0.0,0.0,0.247
-2.77408447265625,0.0,0.0,0.248
-2.2903930664062497,0.0,0.0,0.249
-2.03616943359375,0.0,0.0,0.25
-1.83240966796875,0.0,0.0,0.251
-1.8581176757812499,0.0,0.0,0.252
-2.239453125,0.0,0.0,0.253
-2.3413330078125,0.0,0.0,0.254
-2.72314453125,0.0,0.0,0.255
-2.6212646484374997,0.0,0.0,0.256
-2.41798095703125,0.0,0.0,0.257
-1.883349609375,0.0,0.0,0.258
-1.1963745117187499,0.0,0.0,0.259
-0.89073486328125,0.0,0.0,0.26
-0.73839111328125,0.0,0.0,0.261
-0.71268310546875,0.0,0.0,0.262
-0.8655029296875,0.0,0.0,0.263
-1.2216064453125,0.0,0.0,0.264
-1.247314453125,0.0,0.0,0.265
-1.1963745117187499,0.0,0.0,0.266
-0.99261474609375,0.0,0.0,0.267
-0.6617431640625,0.0,0.0,0.268
-0.40751953125,0.0,0.0,0.269
-0.279931640625,0.0,0.0,0.27
-0.203759765625,0.0,0.0,0.271
-0.15281982421874998,0.0,0.0,0.272
-0.2294677734375,0.0,0.0,0.273
-0.30563964843749997,0.0,0.0,0.274
-0.38181152343749997,0.0,0.0,0.275
-0.38181152343749997,0.0,0.0,0.276
-0.30563964843749997,0.0,0.0,0.277
-0.17852783203125,0.0,0.0,0.278
-0.0257080078125,0.0,0.0,0.279
-0.05093994140625,0.0,0.0,0.28
0.076171875,0.0,0.0,0.281
0.2542236328125,0.0,0.0,0.282
0.432275390625,0.0,0.0,0.283
0.5341552734375,0.0,0.0,0.284
0.22899169921874998,0.0,0.0,0.285
0.02523193359375,0.0,0.0,0.286
-0.1018798828125,0.0,0.0,0.287
-0.33087158203125,0.0,0.0,0.288
-0.7636230468749999,0.0,0.0,0.289
-1.29825439453125,0.0,0.0,0.29
-1.6291259765625,0.0,0.0,0.291
-1.73052978515625,0.0,0.0,0.292
-1.6291259765625,0.0,0.0,0.293
-1.1454345703125,0.0,0.0,0.294
-1.807177734375,0.0,0.0,0.295
-2.519384765625,0.0,0.0,0.296
-3.3087158203125,0.0,0.0,0.297
-4.2499145507812495,0.0,0.0,0.298
-4.9883056640625,0.0,0.0,0.299
-5.4205810546875,0.0,0.0,0.3
-5.6243408203125,0.0,0.0,0.301
-5.1663574218749995,0.0,0.0,0.302
-4.606494140625,0.0,0.0,0.303
-3.76669921875,0.0,0.0,0.304
-2.926904296875,0.0,0.0,0.305
-2.6212646484374997,0.0,0.0,0.306
-2.367041015625,0.0,0.0,0.307
-2.0614013671875,0.0,0.0,0.308
-2.01046142578125,0.0,0.0,0.309
-1.83240966796875,0.0,0.0,0.31
-1.47630615234375,0.0,0.0,0.311
-0.91644287109375,0.0,0.0,0.312
-0.53463134765625,0.0,0.0,0.313
-0.279931640625,0.0,0.0,0.314
-0.1018798828125,0.0,0.0,0.315
-0.1018798828125,0.0,0.0,0.316
-0.127587890625,0.0,0.0,0.317
-0.15281982421874998,0.0,0.0,0.318
-0.279931640625,0.0,0.0,0.319
-0.33087158203125,0.0,0.0,0.32
-0.25469970703125,0.0,0.0,0.321
-0.279931640625,0.0,0.0,0.322
-0.25469970703125,0.0,0.0,0.323
-0.203759765625,0.0,0.0,0.324
-0.07664794921875,0.0,0.0,0.325
0.0,0.0,0.0,0.326
0.02523193359375,0.0,0.0,0.327
-0.0257080078125,0.0,0.0,0.328
-0.0257080078125,0.0,0.0,0.329
-0.07664794921875,0.0,0.0,0.33
0.0,0.0,0.0,0.331
0.0,0.0,0.0,0.332
0.12711181640625,0.0,0.0,0.333
0.02523193359375,0.0,0.0,0.334
0.1780517578125,0.0,0.0,0.335
0.22899169921874998,0.0,0.0,0.336
0.20328369140625,0.0,0.0,0.337
0.22899169921874998,0.0,0.0,0.338
0.22899169921874998,0.0,0.0,0.339
0.30516357421875,0.0,0.0,0.34
0.38133544921875,0.0,0.0,0.341
0.48321533203125,0.0,0.0,0.342
0.48321533203125,0.0,0.0,0.343
0.40704345703125,0.0,0.0,0.344
0.38133544921875,0.0,0.0,0.345
0.38133544921875,0.0,0.0,0.346
0.38133544921875,0.0,0.0,0.347
0.27945556640624997,0.0,0.0,0.348
0.356103515625,0.0,0.0,0.349
0.38133544921875,0.0,0.0,0.35
0.48321533203125,0.0,0.0,0.351
0.55938720703125,0.0,0.0,0.352
0.55938720703125,0.0,0.0,0.353
0.48321533203125,0.0,0.0,0.354
0.48321533203125,0.0,0.0,0.355
0.30516357421875,0.0,0.0,0.356
0.3303955078125,0.0,0.0,0.357
0.22899169921874998,0.0,0.0,0.358
0.27945556640624997,0.0,0.0,0.359
0.30516357421875,0.0,0.0,0.36
0.45798339843749997,0.0,0.0,0.361
0.5089233398437499,0.0,0.0,0.362
0.55938720703125,0.0,0.0,0.363
0.48321533203125,0.0,0.0,0.364
0.45798339843749997,0.0,0.0,0.365
0.38133544921875,0.0,0.0,0.366
0.356103515625,0.0,0.0,0.367
0.27945556640624997,0.0,0.0,0.368
0.2542236328125,0.0,0.0,0.369
0.3303955078125,0.0,0.0,0.37
0.48321533203125,0.0,0.0,0.371
0.6103271484375,0.0,0.0,0.372
0.6612670898437499,0.0,0.0,0.373
0.6612670898437499,0.0,0.0,0.374
0.63603515625,0.0,0.0,0.375
0.55938720703125,0.0,0.0,0.376
0.48321533203125,0.0,0.0,0.377
0.432275390625,0.0,0.0,0.378
0.45798339843749997,0.0,0.0,0.379
0.6103271484375,0.0,0.0,0.38
0.7379150390625,0.0,0.0,0.381
0.94119873046875,0.0,0.0,0.382
1.0178466796874999,0.0,0.0,0.383
1.0940185546874999,0.0,0.0,0.384
0.9921386718749999,0.0,0.0,0.385
0.8902587890625,0.0,0.0,0.386
0.76314697265625,0.0,0.0,0.387
0.68697509765625,0.0,0.0,0.388
0.71220703125,0.0,0.0,0.389
0.86502685546875,0.0,0.0,0.39
1.0940185546874999,0.0,0.0,0.391
1.32301025390625,0.0,0.0,0.392
1.4501220703125,0.0,0.0,0.393
1.4501220703125,0.0,0.0,0.394
0.76314697265625,0.0,0.0,0.395
-0.0257080078125,0.0,0.0,0.396
-0.5855712890625,0.0,0.0,0.397
-1.29825439453125,0.0,0.0,0.398
-1.8581176757812499,0.0,0.0,0.399
-2.11234130859375,0.0,0.0,0.4
-1.9852294921875,0.0,0.0,0.401
-1.883349609375,0.0,0.0,0.402
-1.7814697265625,0.0,0.0,0.403
-1.6034179687499999,0.0,0.0,0.404
-1.399658203125,0.0,0.0,0.405
-1.323486328125,0.0,0.0,0.406
-1.29825439453125,0.0,0.0,0.407
-1.2216064453125,0.0,0.0,0.408
-0.8397949218749999,0.0,0.0,0.409
-0.40751953125,0.0,0.0,0.41
0.02523193359375,0.0,0.0,0.411
0.20328369140625,0.0,0.0,0.412
0.432275390625,0.0,0.0,0.413
0.5850952148437499,0.0,0.0,0.414
0.5341552734375,0.0,0.0,0.415
0.40704345703125,0.0,0.0,0.416
0.27945556640624997,0.0,0.0,0.417
0.20328369140625,0.0,0.0,0.418
0.22899169921874998,0.0,0.0,0.419
0.3303955078125,0.0,0.0,0.42
0.40704345703125,0.0,0.0,0.421
0.5089233398437499,0.0,0.0,0.422
0.48321533203125,0.0,0.0,0.423
0.30516357421875,0.0,0.0,0.424
0.10140380859374999,0.0,0.0,0.425
-0.0257080078125,0.0,0.0,0.426
-0.0257080078125,0.0,0.0,0.427
-0.15281982421874998,0.0,0.0,0.428
-0.127587890625,0.0,0.0,0.429
-0.0257080078125,0.0,0.0,0.43
0.0,0.0,0.0,0.431
0.0,0.0,0.0,0.432
-0.0257080078125,0.0,0.0,0.433
0.0,0.0,0.0,0.434
0.0,0.0,0.0,0.435
0.0,0.0,0.0,0.436
-0.07664794921875,0.0,0.0,0.437
-0.1018798828125,0.0,0.0,0.438
-0.0257080078125,0.0,0.0,0.439
0.0504638671875,0.0,0.0,0.44
0.12711181640625,0.0,0.0,0.441
0.20328369140625,0.0,0.0,0.442
0.27945556640624997,0.0,0.0,0.443
0.22899169921874998,0.0,0.0,0.444
0.15234375,0.0,0.0,0.445
0.0504638671875,0.0,0.0,0.446
0.02523193359375,0.0,0.0,0.447
0.02523193359375,0.0,0.0,0.448
0.02523193359375,0.0,0.0,0.449
0.076171875,0.0,0.0,0.45
0.2542236328125,0.0,0.0,0.451
0.30516357421875,0.0,0.0,0.452
0.3303955078125,0.0,0.0,0.453
0.22899169921874998,0.0,0.0,0.454
0.10140380859374999,0.0,0.0,0.455
0.0504638671875,0.0,0.0,0.456
0.02523193359375,0.0,0.0,0.457
0.02523193359375,0.0,0.0,0.458
0.076171875,0.0,0.0,0.459
0.15234375,0.0,0.0,0.46
0.22899169921874998,0.0,0.0,0.461
0.2542236328125,0.0,0.0,0.462
0.27945556640624997,0.0,0.0,0.463
0.1780517578125,0.0,0.0,0.464
0.12711181640625,0.0,0.0,0.465
0.02523193359375,0.0,0.0,0.466
0.0504638671875,0.0,0.0,0.467
0.0504638671875,0.0,0.0,0.468
0.10140380859374999,0.0,0.0,0.469
0.20328369140625,0.0,0.0,0.47
0.3303955078125,0.0,0.0,0.471
0.3303955078125,0.0,0.0,0.472
0.30516357421875,0.0,0.0,0.473
0.30516357421875,0.0,0.0,0.474
0.1780517578125,0.0,0.0,0.475
0.10140380859374999,0.0,0.0,0.476
0.0504638671875,0.0,0.0,0.477
0.0504638671875,0.0,0.0,0.478
0.12711181640625,0.0,0.0,0.479
0.2542236328125,0.0,0.0,0.48
0.356103515625,0.0,0.0,0.481
0.356103515625,0.0,0.0,0.482
0.38133544921875,0.0,0.0,0.483
0.27945556640624997,0.0,0.0,0.484
0.1780517578125,0.0,0.0,0.485
0.076171875,0.0,0.0,0.486
0.076171875,0.0,0.0,0.487
0.10140380859374999,0.0,0.0,0.488
0.12711181640625,0.0,0.0,0.489
0.30516357421875,0.0,0.0,0.49
0.3303955078125,0.0,0.0,0.491
0.40704345703125,0.0,0.0,0.492
0.40704345703125,0.0,0.0,0.493
0.30516357421875,0.0,0.0,0.494
0.22899169921874998,0.0,0.0,0.495
0.10140380859374999,0.0,0.0,0.496
0.10140380859374999,0.0,0.0,0.497
0.12711181640625,0.0,0.0,0.498
0.2542236328125,0.0,0.0,0.499
0.30516357421875,0.0,0.0,0.5
0.432275390625,0.0,0.0,0.501
0.40704345703125,0.0,0.0,0.502
0.40704345703125,0.0,0.0,0.503
0.3303955078125,0.0,0.0,0.504
0.2542236328125,0.0,0.0,0.505
0.15234375,0.0,0.0,0.506
0.12711181640625,0.0,0.0,0.507
0.15234375,0.0,0.0,0.508
0.22899169921874998,0.0,0.0,0.509
0.38133544921875,0.0,0.0,0.51
0.432275390625,0.0,0.0,0.511
0.48321533203125,0.0,0.0,0.512
0.38133544921875,0.0,0.0,0.513
0.356103515625,0.0,0.0,0.514
-0.05093994140625,0.0,0.0,0.515
-0.127587890625,0.0,0.0,0.516
-0.33087158203125,0.0,0.0,0.517
-0.38181152343749997,0.0,0.0,0.518
-0.279931640625,0.0,0.0,0.519
-0.33087158203125,0.0,0.0,0.52
-0.30563964843749997,0.0,0.0,0.521
-0.33087158203125,0.0,0.0,0.522
-0.40751953125,0.0,0.0,0.523
-0.38181152343749997,0.0,0.0,0.524
-0.7893310546875,0.0,0.0,0.525
-0.99261474609375,0.0,0.0,0.526
-1.1454345703125,0.0,0.0,0.527
-1.17066650390625,0.0,0.0,0.528
-0.91644287109375,0.0,0.0,0.53
-0.8655029296875,0.0,0.0,0.531
-0.81456298828125,0.0,0.0,0.532
-0.7636230468749999,0.0,0.0,0.533
-0.7893310546875,0.0,0.0,0.534
-0.73839111328125,0.0,0.0,0.535
-0.6874511718749999,0.0,0.0,0.536
-0.5093994140625,0.0,0.0,0.537
-0.38181152343749997,0.0,0.0,0.538
-0.25469970703125,0.0,0.0,0.539
-0.1018798828125,0.0,0.0,0.54
-0.07664794921875,0.0,0.0,0.541
-0.05093994140625,0.0,0.0,0.542
-0.07664794921875,0.0,0.0,0.543
-0.127587890625,0.0,0.0,0.544
-0.1018798828125,0.0,0.0,0.545
-0.1018798828125,0.0,0.0,0.546
-0.127587890625,0.0,0.0,0.547
-0.1018798828125,0.0,0.0,0.548
-0.1018798828125,0.0,0.0,0.549
-0.127587890625,0.0,0.0,0.55
-0.05093994140625,0.0,0.0,0.551
-0.17852783203125,0.0,0.0,0.552
-0.2294677734375,0.0,0.0,0.553
-0.33087158203125,0.0,0.0,0.554
-0.279931640625,0.0,0.0,0.555
-0.25469970703125,0.0,0.0,0.556
-0.17852783203125,0.0,0.0,0.557
-0.1018798828125,0.0,0.0,0.558
-0.0257080078125,0.0,0.0,0.559
-0.05093994140625,0.0,0.0,0.56
-0.05093994140625,0.0,0.0,0.561
-0.0257080078125,0.0,0.0,0.562
-0.1018798828125,0.0,0.0,0.563
-0.17852783203125,0.0,0.0,0.564
-0.0257080078125,0.0,0.0,0.565
0.0,0.0,0.0,0.566
0.0,0.0,0.0,0.567
0.0,0.0,0.0,0.568
0.0,0.0,0.0,0.569
0.02523193359375,0.0,0.0,0.57
0.076171875,0.0,0.0,0.571
0.02523193359375,0.0,0.0,0.572
0.02523193359375,0.0,0.0,0.573
0.0,0.0,0.0,0.574
0.0,0.0,0.0,0.575
0.02523193359375,0.0,0.0,0.576
0.02523193359375,0.0,0.0,0.577
0.0,0.0,0.0,0.578
0.0,0.0,0.0,0.579
0.02523193359375,0.0,0.0,0.58
0.02523193359375,0.0,0.0,0.581
0.0,0.0,0.0,0.582
0.0,0.0,0.0,0.583
0.02523193359375,0.0,0.0,0.584
0.0,0.0,0.0,0.585
0.0,0.0,0.0,0.586
0.0,0.0,0.0,0.587
0.0,0.0,0.0,0.588
0.0,0.0,0.0,0.589
0.02523193359375,0.0,0.0,0.59
0.02523193359375,0.0,0.0,0.591
0.0,0.0,0.0,0.592
0.02523193359375,0.0,0.0,0.593
-0.0257080078125,0.0,0.0,0.594
0.0504638671875,0.0,0.0,0.595
0.0504638671875,0.0,0.0,0.596
0.10140380859374999,0.0,0.0,0.597
0.20328369140625,0.0,0.0,0.598
0.20328369140625,0.0,0.0,0.599
0.12711181640625,0.0,0.0,0.6
0.12711181640625,0.0,0.0,0.601
0.0504638671875,0.0,0.0,0.602
0.02523193359375,0.0,0.0,0.603
-0.0257080078125,0.0,0.0,0.604
0.10140380859374999,0.0,0.0,0.605
0.15234375,0.0,0.0,0.606
0.1780517578125,0.0,0.0,0.607
0.27945556640624997,0.0,0.0,0.608
0.3303955078125,0.0,0.0,0.609
0.3303955078125,0.0,0.0,0.61
0.22899169921874998,0.0,0.0,0.611
0.1780517578125,0.0,0.0,0.612
0.15234375,0.0,0.0,0.613
0.15234375,0.0,0.0,0.614
0.10140380859374999,0.0,0.0,0.615
0.15234375,0.0,0.0,0.616
0.15234375,0.0,0.0,0.617
0.12711181640625,0.0,0.0,0.618
0.076171875,0.0,0.0,0.619
0.10140380859374999,0.0,0.0,0.62
0.076171875,0.0,0.0,0.621
0.12711181640625,0.0,0.0,0.622
0.10140380859374999,0.0,0.0,0.623
0.0504638671875,0.0,0.0,0.624
0.076171875,0.0,0.0,0.625
0.02523193359375,0.0,0.0,0.626
0.0504638671875,0.0,0.0,0.627
0.02523193359375,0.0,0.0,0.628
0.02523193359375,0.0,0.0,0.629
0.15234375,0.0,0.0,0.63
0.12711181640625,0.0,0.0,0.631
0.076171875,0.0,0.0,0.632
0.0504638671875,0.0,0.0,0.633
0.076171875,0.0,0.0,0.634
0.0504638671875,0.0,0.0,0.635
0.0,0.0,0.0,0.636
0.0,0.0,0.0,0.637
0.02523193359375,0.0,0.0,0.638
0.0504638671875,0.0,0.0,0.639
-0.0257080078125,0.0,0.0,0.64
0.02523193359375,0.0,0.0,0.641
-0.0257080078125,0.0,0.0,0.642
0.0,0.0,0.0,0.643
0.02523193359375,0.0,0.0,0.644
0.0,0.0,0.0,0.645
0.0,0.0,0.0,0.646
0.0,0.0,0.0,0.647
0.0504638671875,0.0,0.0,0.648
0.0,0.0,0.0,0.649
0.0,0.0,0.0,0.65
0.02523193359375,0.0,0.0,0.651
0.02523193359375,0.0,0.0,0.652
0.02523193359375,0.0,0.0,0.653
0.0,0.0,0.0,0.654
0.02523193359375,0.0,0.0,0.655
0.02523193359375,0.0,0.0,0.656
0.02523193359375,0.0,0.0,0.657
0.0,0.0,0.0,0.658
0.0,0.0,0.0,0.659
0.0,0.0,0.0,0.66
0.0,0.0,0.0,0.661
0.0,0.0,0.0,0.662
0.0,0.0,0.0,0.663
-0.0257080078125,0.0,0.0,0.664
0.02523193359375,0.0,0.0,0.665
0.0,0.0,0.0,0.666
-0.0257080078125,0.0,0.0,0.667
0.0,0.0,0.0,0.668
0.0,0.0,0.0,0.669
0.0,0.0,0.0,0.67
0.0,0.0,0.0,0.671
0.02523193359375,0.0,0.0,0.672
0.0,0.0,0.0,0.673
0.0,0.0,0.0,0.674
0.0,0.0,0.0,0.675
0.0,0.0,0.0,0.676
-0.0257080078125,0.0,0.0,0.677
0.0,0.0,0.0,0.678
0.02523193359375,0.0,0.0,0.679
0.0504638671875,0.0,0.0,0.68
0.0,0.0,0.0,0.681
0.02523193359375,0.0,0.0,0.682
0.0,0.0,0.0,0.683
0.0504638671875,0.0,0.0,0.684
0.076171875,0.0,0.0,0.685
0.076171875,0.0,0.0,0.686
0.12711181640625,0.0,0.0,0.687
0.0504638671875,0.0,0.0,0.688
0.02523193359375,0.0,0.0,0.689
0.0,0.0,0.0,0.69
0.02523193359375,0.0,0.0,0.691
0.02523193359375,0.0,0.0,0.692
0.0,0.0,0.0,0.693
0.0,0.0,0.0,0.694
0.02523193359375,0.0,0.0,0.695
0.0504638671875,0.0,0.0,0.696
0.02523193359375,0.0,0.0,0.697
0.076171875,0.0,0.0,0.698
0.076171875,0.0,0.0,0.699
0.076171875,0.0,0.0,0.7
0.0504638671875,0.0,0.0,0.701
0.02523193359375,0.0,0.0,0.702
0.02523193359375,0.0,0.0,0.703
0.02523193359375,0.0,0.0,0.704
0.02523193359375,0.0,0.0,0.705
0.0,0.0,0.0,0.706
0.02523193359375,0.0,0.0,0.707
0.0504638671875,0.0,0.0,0.708
0.10140380859374999,0.0,0.0,0.709
0.076171875,0.0,0.0,0.71
0.076171875,0.0,0.0,0.711
0.0504638671875,0.0,0.0,0.712
0.076171875,0.0,0.0,0.713
0.076171875,0.0,0.0,0.714
0.10140380859374999,0.0,0.0,0.715
0.10140380859374999,0.0,0.0,0.716
0.0504638671875,0.0,0.0,0.717
0.02523193359375,0.0,0.0,0.718
0.0,0.0,0.0,0.719
0.02523193359375,0.0,0.0,0.72
0.076171875,0.0,0.0,0.721
0.0504638671875,0.0,0.0,0.722
0.0504638671875,0.0,0.0,0.723
0.0504638671875,0.0,0.0,0.724
0.0504638671875,0.0,0.0,0.725
0.0,0.0,0.0,0.726
0.02523193359375,0.0,0.0,0.727
0.0,0.0,0.0,0.728
0.02523193359375,0.0,0.0,0.729
0.0,0.0,0.0,0.73
0.0,0.0,0.0,0.731
0.02523193359375,0.0,0.0,0.732
-0.0257080078125,0.0,0.0,0.733
0.0,0.0,0.0,0.734
0.0,0.0,0.0,0.735
0.0,0.0,0.0,0.736
0.0,0.0,0.0,0.737
0.02523193359375,0.0,0.0,0.738
0.02523193359375,0.0,0.0,0.739
0.02523193359375,0.0,0.0,0.74
0.0,0.0,0.0,0.741
0.02523193359375,0.0,0.0,0.742
0.02523193359375,0.0,0.0,0.743
0.0504638671875,0.0,0.0,0.744
0.10140380859374999,0.0,0.0,0.745
0.12711181640625,0.0,0.0,0.746
0.076171875,0.0,0.0,0.747
0.10140380859374999,0.0,0.0,0.748
0.0504638671875,0.0,0.0,0.749
0.02523193359375,0.0,0.0,0.75
0.02523193359375,0.0,0.0,0.751
0.0504638671875,0.0,0.0,0.752
0.10140380859374999,0.0,0.0,0.753
0.076171875,0.0,0.0,0.754
0.076171875,0.0,0.0,0.755
0.12711181640625,0.0,0.0,0.756
0.0504638671875,0.0,0.0,0.757
0.02523193359375,0.0,0.0,0.758
0.0504638671875,0.0,0.0,0.759
0.0504638671875,0.0,0.0,0.76
0.0504638671875,0.0,0.0,0.761
0.02523193359375,0.0,0.0,0.762
0.0504638671875,0.0,0.0,0.763
0.10140380859374999,0.0,0.0,0.764
0.076171875,0.0,0.0,0.765
0.10140380859374999,0.0,0.0,0.766
0.02523193359375,0.0,0.0,0.767
0.02523193359375,0.0,0.0,0.768
0.0504638671875,0.0,0.0,0.769
0.0504638671875,0.0,0.0,0.77
0.0504638671875,0.0,0.0,0.771
0.0504638671875,0.0,0.0,0.772
0.0504638671875,0.0,0.0,0.773
0.076171875,0.0,0.0,0.774
0.076171875,0.0,0.0,0.775
0.076171875,0.0,0.0,0.776
0.10140380859374999,0.0,0.0,0.777
0.10140380859374999,0.0,0.0,0.778
0.076171875,0.0,0.0,0.779
0.02523193359375,0.0,0.0,0.78
0.02523193359375,0.0,0.0,0.781
0.02523193359375,0.0,0.0,0.782
0.0504638671875,0.0,0.0,0.783
0.0504638671875,0.0,0.0,0.784
0.0504638671875,0.0,0.0,0.785
0.02523193359375,0.0,0.0,0.786
0.0504638671875,0.0,0.0,0.787
0.0504638671875,0.0,0.0,0.788
0.10140380859374999,0.0,0.0,0.789
0.10140380859374999,0.0,0.0,0.79
0.10140380859374999,0.0,0.0,0.791
0.15234375,0.0,0.0,0.792
0.1780517578125,0.0,0.0,0.793
0.12711181640625,0.0,0.0,0.794
0.15234375,0.0,0.0,0.795
0.12711181640625,0.0,0.0,0.796
0.15234375,0.0,0.0,0.797
0.10140380859374999,0.0,0.0,0.798
0.12711181640625,0.0,0.0,0.799
0.12711181640625,0.0,0.0,0.8
0.076171875,0.0,0.0,0.801
0.10140380859374999,0.0,0.0,0.802
0.15234375,0.0,0.0,0.803
0.15234375,0.0,0.0,0.804
0.1780517578125,0.0,0.0,0.805
0.12711181640625,0.0,0.0,0.806
0.12711181640625,0.0,0.0,0.807
0.076171875,0.0,0.0,0.808
0.10140380859374999,0.0,0.0,0.809
0.076171875,0.0,0.0,0.81
0.10140380859374999,0.0,0.0,0.811
0.12711181640625,0.0,0.0,0.812
0.12711181640625,0.0,0.0,0.813
0.10140380859374999,0.0,0.0,0.814
0.12711181640625,0.0,0.0,0.815
0.12711181640625,0.0,0.0,0.816
0.10140380859374999,0.0,0.0,0.817
0.12711181640625,0.0,0.0,0.818
0.10140380859374999,0.0,0.0,0.819
0.10140380859374999,0.0,0.0,0.82
0.10140380859374999,0.0,0.0,0.821
0.15234375,0.0,0.0,0.822
0.15234375,0.0,0.0,0.823
0.1780517578125,0.0,0.0,0.824
0.12711181640625,0.0,0.0,0.825
0.10140380859374999,0.0,0.0,0.826
0.10140380859374999,0.0,0.0,0.827
0.10140380859374999,0.0,0.0,0.828
0.10140380859374999,0.0,0.0,0.829
0.076171875,0.0,0.0,0.83
0.02523193359375,0.0,0.0,0.831
0.02523193359375,0.0,0.0,0.832
0.0,0.0,0.0,0.833
0.02523193359375,0.0,0.0,0.834
0.0504638671875,0.0,0.0,0.835
0.0504638671875,0.0,0.0,0.836
0.0504638671875,0.0,0.0,0.837
0.076171875,0.0,0.0,0.838
0.12711181640625,0.0,0.0,0.839
0.15234375,0.0,0.0,0.84
0.1780517578125,0.0,0.0,0.841
0.1780517578125,0.0,0.0,0.842
0.12711181640625,0.0,0.0,0.843
0.076171875,0.0,0.0,0.844
0.076171875,0.0,0.0,0.845
0.076171875,0.0,0.0,0.846
0.076171875,0.0,0.0,0.847
0.0504638671875,0.0,0.0,0.848
0.0504638671875,0.0,0.0,0.849
0.02523193359375,0.0,0.0,0.85
0.0504638671875,0.0,0.0,0.851
0.02523193359375,0.0,0.0,0.852
0.0504638671875,0.0,0.0,0.853
0.076171875,0.0,0.0,0.854
0.12711181640625,0.0,0.0,0.855
0.1780517578125,0.0,0.0,0.856
0.15234375,0.0,0.0,0.857
0.15234375,0.0,0.0,0.858
0.12711181640625,0.0,0.0,0.859
0.12711181640625,0.0,0.0,0.86
0.12711181640625,0.0,0.0,0.861
0.10140380859374999,0.0,0.0,0.862
0.02523193359375,0.0,0.0,0.863
0.0504638671875,0.0,0.0,0.864
0.10140380859374999,0.0,0.0,0.865
0.10140380859374999,0.0,0.0,0.866
0.15234375,0.0,0.0,0.867
0.1780517578125,0.0,0.0,0.868
0.15234375,0.0,0.0,0.869
0.15234375,0.0,0.0,0.87
0.15234375,0.0,0.0,0.871
0.12711181640625,0.0,0.0,0.872
0.12711181640625,0.0,0.0,0.873
0.12711181640625,0.0,0.0,0.874
0.12711181640625,0.0,0.0,0.875
0.12711181640625,0.0,0.0,0.876
0.12711181640625,0.0,0.0,0.877
0.15234375,0.0,0.0,0.878
0.12711181640625,0.0,0.0,0.879
0.12711181640625,0.0,0.0,0.88
0.12711181640625,0.0,0.0,0.881
0.15234375,0.0,0.0,0.882
0.15234375,0.0,0.0,0.883
0.12711181640625,0.0,0.0,0.884
0.10140380859374999,0.0,0.0,0.885
0.10140380859374999,0.0,0.0,0.886
0.10140380859374999,0.0,0.0,0.887
0.0504638671875,0.0,0.0,0.888
0.10140380859374999,0.0,0.0,0.889
0.15234375,0.0,0.0,0.89
0.12711181640625,0.0,0.0,0.891
0.0504638671875,0.0,0.0,0.892
0.076171875,0.0,0.0,0.893
0.076171875,0.0,0.0,0.894
0.12711181640625,0.0,0.0,0.895
0.12711181640625,0.0,0.0,0.896
0.1780517578125,0.0,0.0,0.897
0.1780517578125,0.0,0.0,0.898
0.1780517578125,0.0,0.0,0.899
0.15234375,0.0,0.0,0.9
0.10140380859374999,0.0,0.0,0.901
0.076171875,0.0,0.0,0.902
0.076171875,0.0,0.0,0.903
0.076171875,0.0,0.0,0.904
0.10140380859374999,0.0,0.0,0.905
0.12711181640625,0.0,0.0,0.906
0.15234375,0.0,0.0,0.907
0.20328369140625,0.0,0.0,0.908
0.20328369140625,0.0,0.0,0.909
0.1780517578125,0.0,0.0,0.91
0.15234375,0.0,0.0,0.911
0.12711181640625,0.0,0.0,0.912
0.12711181640625,0.0,0.0,0.913
0.15234375,0.0,0.0,0.914
0.15234375,0.0,0.0,0.915
0.15234375,0.0,0.0,0.916
0.12711181640625,0.0,0.0,0.917
0.076171875,0.0,0.0,0.918
0.10140380859374999,0.0,0.0,0.919
0.076171875,0.0,0.0,0.92
0.0504638671875,0.0,0.0,0.921
0.0504638671875,0.0,0.0,0.922
0.076171875,0.0,0.0,0.923
0.10140380859374999,0.0,0.0,0.924
0.10140380859374999,0.0,0.0,0.925
0.10140380859374999,0.0,0.0,0.926
0.12711181640625,0.0,0.0,0.927
0.12711181640625,0.0,0.0,0.928
0.1780517578125,0.0,0.0,0.929
0.12711181640625,0.0,0.0,0.93
0.15234375,0.0,0.0,0.931
0.12711181640625,0.0,0.0,0.932
0.10140380859374999,0.0,0.0,0.933
0.10140380859374999,0.0,0.0,0.934
0.15234375,0.0,0.0,0.935
0.15234375,0.0,0.0,0.936
0.15234375,0.0,0.0,0.937
0.12711181640625,0.0,0.0,0.938
0.12711181640625,0.0,0.0,0.939
0.15234375,0.0,0.0,0.94
0.15234375,0.0,0.0,0.941
0.12711181640625,0.0,0.0,0.942
0.15234375,0.0,0.0,0.943
0.15234375,0.0,0.0,0.944
0.15234375,0.0,0.0,0.945
0.20328369140625,0.0,0.0,0.946
0.1780517578125,0.0,0.0,0.947
0.1780517578125,0.0,0.0,0.948
0.15234375,0.0,0.0,0.949
0.15234375,0.0,0.0,0.95
0.12711181640625,0.0,0.0,0.951
0.12711181640625,0.0,0.0,0.952
0.12711181640625,0.0,0.0,0.953
0.10140380859374999,0.0,0.0,0.954
0.12711181640625,0.0,0.0,0.955
0.15234375,0.0,0.0,0.956
0.1780517578125,0.0,0.0,0.957
0.1780517578125,0.0,0.0,0.958
0.1780517578125,0.0,0.0,0.959
0.15234375,0.0,0.0,0.96
0.15234375,0.0,0.0,0.961
0.15234375,0.0,0.0,0.962
0.15234375,0.0,0.0,0.963
0.12711181640625,0.0,0.0,0.964
0.076171875,0.0,0.0,0.965
0.12711181640625,0.0,0.0,0.966
0.12711181640625,0.0,0.0,0.967
0.12711181640625,0.0,0.0,0.968
0.12711181640625,0.0,0.0,0.969
0.1780517578125,0.0,0.0,0.97
0.15234375,0.0,0.0,0.971
0.12711181640625,0.0,0.0,0.972
0.076171875,0.0,0.0,0.973
0.12711181640625,0.0,0.0,0.974
0.12711181640625,0.0,0.0,0.975
0.10140380859374999,0.0,0.0,0.976
0.12711181640625,0.0,0.0,0.977
0.12711181640625,0.0,0.0,0.978
0.12711181640625,0.0,0.0,0.979
0.12711181640625,0.0,0.0,0.98
0.12711181640625,0.0,0.0,0.981
0.12711181640625,0.0,0.0,0.982
0.12711181640625,0.0,0.0,0.983
0.15234375,0.0,0.0,0.984
0.12711181640625,0.0,0.0,0.985
0.15234375,0.0,0.0,0.986
0.1780517578125,0.0,0.0,0.987
0.1780517578125,0.0,0.0,0.988
0.20328369140625,0.0,0.0,0.989
0.1780517578125,0.0,0.0,0.99
0.12711181640625,0.0,0.0,0.991
0.076171875,0.0,0.0,0.992
0.10140380859374999,0.0,0.0,0.993
0.10140380859374999,0.0,0.0,0.994
0.12711181640625,0.0,0.0,0.995
0.1780517578125,0.0,0.0,0.996
0.1780517578125,0.0,0.0,0.997
0.15234375,0.0,0.0,0.998
0.15234375,0.0,0.0,0.999
0.12711181640625,0.0,0.0,1.0
0.12711181640625,0.0,0.0,1.001
0.12711181640625,0.0,0.0,1.002
0.15234375,0.0,0.0,1.003
0.12711181640625,0.0,0.0,1.004
0.12711181640625,0.0,0.0,1.005
0.12711181640625,0.0,0.0,1.006
0.15234375,0.0,0.0,1.007
0.1780517578125,0.0,0.0,1.008
0.20328369140625,0.0,0.0,1.009
0.1780517578125,0.0,0.0,1.01
0.15234375,0.0,0.0,1.011
0.10140380859374999,0.0,0.0,1.012
0.10140380859374999,0.0,0.0,1.013
0.10140380859374999,0.0,0.0,1.014
0.15234375,0.0,0.0,1.015
0.1780517578125,0.0,0.0,1.016
0.20328369140625,0.0,0.0,1.017
0.15234375,0.0,0.0,1.018
0.15234375,0.0,0.0,1.019
0.1780517578125,0.0,0.0,1.02
0.1780517578125,0.0,0.0,1.021
0.15234375,0.0,0.0,1.022
0.12711181640625,0.0,0.0,1.023
0.10140380859374999,0.0,0.0,1.024
0.1780517578125,0.0,0.0,1.025
0.20328369140625,0.0,0.0,1.026
0.1780517578125,0.0,0.0,1.027
0.15234375,0.0,0.0,1.028
0.12711181640625,0.0,0.0,1.029
0.1780517578125,0.0,0.0,1.03
0.1780517578125,0.0,0.0,1.031
0.15234375,0.0,0.0,1.032
0.1780517578125,0.0,0.0,1.033
0.15234375,0.0,0.0,1.034
0.15234375,0.0,0.0,1.035
0.15234375,0.0,0.0,1.036
0.1780517578125,0.0,0.0,1.037
0.12711181640625,0.0,0.0,1.038
0.15234375,0.0,0.0,1.039
0.076171875,0.0,0.0,1.04
0.10140380859374999,0.0,0.0,1.041
0.15234375,0.0,0.0,1.042
0.1780517578125,0.0,0.0,1.043
0.15234375,0.0,0.0,1.044
0.15234375,0.0,0.0,1.045
0.12711181640625,0.0,0.0,1.046
0.12711181640625,0.0,0.0,1.047
0.20328369140625,0.0,0.0,1.048
0.15234375,0.0,0.0,1.049
0.1780517578125,0.0,0.0,1.05
0.15234375,0.0,0.0,1.051
0.1780517578125,0.0,0.0,1.052
0.1780517578125,0.0,0.0,1.053
0.1780517578125,0.0,0.0,1.054
0.1780517578125,0.0,0.0,1.055
0.1780517578125,0.0,0.0,1.056
0.1780517578125,0.0,0.0,1.057
0.1780517578125,0.0,0.0,1.058
0.1780517578125,0.0,0.0,1.059
0.1780517578125,0.0,0.0,1.06
0.1780517578125,0.0,0.0,1.061
0.1780517578125,0.0,0.0,1.062
0.15234375,0.0,0.0,1.063
0.15234375,0.0,0.0,1.064
0.15234375,0.0,0.0,1.065
0.20328369140625,0.0,0.0,1.066
0.22899169921874998,0.0,0.0,1.067
0.1780517578125,0.0,0.0,1.068
0.1780517578125,0.0,0.0,1.069
0.1780517578125,0.0,0.0,1.07
0.1780517578125,0.0,0.0,1.071
0.15234375,0.0,0.0,1.072
0.15234375,0.0,0.0,1.073
0.15234375,0.0,0.0,1.074
0.1780517578125,0.0,0.0,1.075
0.2542236328125,0.0,0.0,1.076
0.20328369140625,0.0,0.0,1.077
0.1780517578125,0.0,0.0,1.078
0.1780517578125,0.0,0.0,1.079
0.20328369140625,0.0,0.0,1.08
0.15234375,0.0,0.0,1.081
0.15234375,0.0,0.0,1.082
0.1780517578125,0.0,0.0,1.083
0.15234375,0.0,0.0,1.084
0.1780517578125,0.0,0.0,1.085
0.20328369140625,0.0,0.0,1.086
0.20328369140625,0.0,0.0,1.087
0.20328369140625,0.0,0.0,1.088
0.1780517578125,0.0,0.0,1.089
0.15234375,0.0,0.0,1.09
0.1780517578125,0.0,0.0,1.091
0.20328369140625,0.0,0.0,1.092
0.20328369140625,0.0,0.0,1.093
0.1780517578125,0.0,0.0,1.094
0.15234375,0.0,0.0,1.095
0.15234375,0.0,0.0,1.096
0.15234375,0.0,0.0,1.097
0.1780517578125,0.0,0.0,1.098
0.20328369140625,0.0,0.0,1.099
0.15234375,0.0,0.0,1.1
0.1780517578125,0.0,0.0,1.101
0.1780517578125,0.0,0.0,1.102
0.20328369140625,0.0,0.0,1.103
0.1780517578125,0.0,0.0,1.104
0.1780517578125,0.0,0.0,1.105
0.1780517578125,0.0,0.0,1.106
0.15234375,0.0,0.0,1.107
0.1780517578125,0.0,0.0,1.108
0.22899169921874998,0.0,0.0,1.109
0.20328369140625,0.0,0.0,1.11
0.1780517578125,0.0,0.0,1.111
0.20328369140625,0.0,0.0,1.112
0.1780517578125,0.0,0.0,1.113
0.1780517578125,0.0,0.0,1.114
0.1780517578125,0.0,0.0,1.115
0.20328369140625,0.0,0.0,1.116
0.15234375,0.0,0.0,1.117
0.1780517578125,0.0,0.0,1.118
0.1780517578125,0.0,0.0,1.119
0.1780517578125,0.0,0.0,1.12
0.15234375,0.0,0.0,1.121
0.15234375,0.0,0.0,1.122
0.1780517578125,0.0,0.0,1.123
0.20328369140625,0.0,0.0,1.124
0.20328369140625,0.0,0.0,1.125
0.1780517578125,0.0,0.0,1.126
0.20328369140625,0.0,0.0,1.127
0.1780517578125,0.0,0.0,1.128
0.1780517578125,0.0,0.0,1.129
0.1780517578125,0.0,0.0,1.13
0.15234375,0.0,0.0,1.131
0.1780517578125,0.0,0.0,1.132
0.15234375,0.0,0.0,1.133
0.12711181640625,0.0,0.0,1.134
0.15234375,0.0,0.0,1.135
0.1780517578125,0.0,0.0,1.136
0.1780517578125,0.0,0.0,1.137
0.1780517578125,0.0,0.0,1.138
0.15234375,0.0,0.0,1.139
0.20328369140625,0.0,0.0,1.14
0.20328369140625,0.0,0.0,1.141
0.20328369140625,0.0,0.0,1.142
0.1780517578125,0.0,0.0,1.143
0.12711181640625,0.0,0.0,1.144
0.15234375,0.0,0.0,1.145
0.15234375,0.0,0.0,1.146
0.20328369140625,0.0,0.0,1.147
0.20328369140625,0.0,0.0,1.148
0.1780517578125,0.0,0.0,1.149
0.1780517578125,0.0,0.0,1.15
0.1780517578125,0.0,0.0,1.151
0.1780517578125,0.0,0.0,1.152
0.1780517578125,0.0,0.0,1.153
0.1780517578125,0.0,0.0,1.154
0.20328369140625,0.0,0.0,1.155
0.20328369140625,0.0,0.0,1.156
0.1780517578125,0.0,0.0,1.157
0.1780517578125,0.0,0.0,1.158
0.15234375,0.0,0.0,1.159
0.20328369140625,0.0,0.0,1.16
0.1780517578125,0.0,0.0,1.161
0.1780517578125,0.0,0.0,1.162
0.1780517578125,0.0,0.0,1.163
0.20328369140625,0.0,0.0,1.164
0.20328369140625,0.0,0.0,1.165
0.20328369140625,0.0,0.0,1.166
0.1780517578125,0.0,0.0,1.167
0.15234375,0.0,0.0,1.168
0.12711181640625,0.0,0.0,1.169
0.1780517578125,0.0,0.0,1.17
0.1780517578125,0.0,0.0,1.171
0.1780517578125,0.0,0.0,1.172
0.20328369140625,0.0,0.0,1.173
0.20328369140625,0.0,0.0,1.174
0.1780517578125,0.0,0.0,1.175
0.1780517578125,0.0,0.0,1.176
0.20328369140625,0.0,0.0,1.177
0.1780517578125,0.0,0.0,1.178
0.1780517578125,0.0,0.0,1.179
0.20328369140625,0.0,0.0,1.18
0.1780517578125,0.0,0.0,1.181
0.20328369140625,0.0,0.0,1.182
0.20328369140625,0.0,0.0,1.183
0.15234375,0.0,0.0,1.184
0.15234375,0.0,0.0,1.185
0.20328369140625,0.0,0.0,1.186
0.20328369140625,0.0,0.0,1.187
0.20328369140625,0.0,0.0,1.188
0.1780517578125,0.0,0.0,1.189
0.1780517578125,0.0,0.0,1.19
0.20328369140625,0.0,0.0,1.191
0.20328369140625,0.0,0.0,1.192
0.20328369140625,0.0,0.0,1.193
0.20328369140625,0.0,0.0,1.194
0.20328369140625,0.0,0.0,1.195
0.1780517578125,0.0,0.0,1.196
0.15234375,0.0,0.0,1.197
0.1780517578125,0.0,0.0,1.198
0.1780517578125,0.0,0.0,1.199
0.1780517578125,0.0,0.0,1.2
0.2542236328125,0.0,0.0,1.201
0.20328369140625,0.0,0.0,1.202
0.20328369140625,0.0,0.0,1.203
0.20328369140625,0.0,0.0,1.204
0.20328369140625,0.0,0.0,1.205
0.22899169921874998,0.0,0.0,1.206
0.22899169921874998,0.0,0.0,1.207
0.1780517578125,0.0,0.0,1.208
0.1780517578125,0.0,0.0,1.209
0.20328369140625,0.0,0.0,1.21
0.1780517578125,0.0,0.0,1.211
0.15234375,0.0,0.0,1.212
0.20328369140625,0.0,0.0,1.213
0.22899169921874998,0.0,0.0,1.214
0.22899169921874998,0.0,0.0,1.215
0.20328369140625,0.0,0.0,1.216
0.1780517578125,0.0,0.0,1.217
0.20328369140625,0.0,0.0,1.218
0.20328369140625,0.0,0.0,1.219
0.20328369140625,0.0,0.0,1.22
0.20328369140625,0.0,0.0,1.221
0.15234375,0.0,0.0,1.222
0.1780517578125,0.0,0.0,1.223
0.1780517578125,0.0,0.0,1.224
0.1780517578125,0.0,0.0,1.225
0.20328369140625,0.0,0.0,1.226
0.20328369140625,0.0,0.0,1.227
0.20328369140625,0.0,0.0,1.228
0.20328369140625,0.0,0.0,1.229
0.20328369140625,0.0,0.0,1.23
0.20328369140625,0.0,0.0,1.231
0.20328369140625,0.0,0.0,1.232
0.20328369140625,0.0,0.0,1.233
0.20328369140625,0.0,0.0,1.234
0.20328369140625,0.0,0.0,1.235
0.20328369140625,0.0,0.0,1.236
0.20328369140625,0.0,0.0,1.237
0.20328369140625,0.0,0.0,1.238
0.20328369140625,0.0,0.0,1.239
0.1780517578125,0.0,0.0,1.24
0.1780517578125,0.0,0.0,1.241
0.22899169921874998,0.0,0.0,1.242
0.20328369140625,0.0,0.0,1.243
0.1780517578125,0.0,0.0,1.244
0.15234375,0.0,0.0,1.245
0.20328369140625,0.0,0.0,1.246
0.1780517578125,0.0,0.0,1.247
0.1780517578125,0.0,0.0,1.248
0.22899169921874998,0.0,0.0,1.249
0.20328369140625,0.0,0.0,1.25
0.20328369140625,0.0,0.0,1.251
0.1780517578125,0.0,0.0,1.252
0.20328369140625,0.0,0.0,1.253
0.20328369140625,0.0,0.0,1.254
0.22899169921874998,0.0,0.0,1.255
0.20328369140625,0.0,0.0,1.256
0.20328369140625,0.0,0.0,1.257
0.15234375,0.0,0.0,1.258
0.20328369140625,0.0,0.0,1.259
0.1780517578125,0.0,0.0,1.26
0.1780517578125,0.0,0.0,1.261
0.1780517578125,0.0,0.0,1.262
0.1780517578125,0.0,0.0,1.263
0.20328369140625,0.0,0.0,1.264
0.22899169921874998,0.0,0.0,1.265
0.20328369140625,0.0,0.0,1.266
0.1780517578125,0.0,0.0,1.267
0.1780517578125,0.0,0.0,1.268
0.1780517578125,0.0,0.0,1.269
0.1780517578125,0.0,0.0,1.27
0.1780517578125,0.0,0.0,1.271
0.1780517578125,0.0,0.0,1.272
0.1780517578125,0.0,0.0,1.273
0.1780517578125,0.0,0.0,1.274
0.1780517578125,0.0,0.0,1.275
0.20328369140625,0.0,0.0,1.276
0.1780517578125,0.0,0.0,1.277
0.1780517578125,0.0,0.0,1.278
0.20328369140625,0.0,0.0,1.279
0.22899169921874998,0.0,0.0,1.28
0.1780517578125,0.0,0.0,1.281
0.1780517578125,0.0,0.0,1.282
0.1780517578125,0.0,0.0,1.283
0.20328369140625,0.0,0.0,1.284
0.20328369140625,0.0,0.0,1.285
0.20328369140625,0.0,0.0,1.286
0.20328369140625,0.0,0.0,1.287
0.1780517578125,0.0,0.0,1.288
0.1780517578125,0.0,0.0,1.289
0.20328369140625,0.0,0.0,1.29
0.20328369140625,0.0,0.0,1.291
0.22899169921874998,0.0,0.0,1.292
0.22899169921874998,0.0,0.0,1.293
0.22899169921874998,0.0,0.0,1.294
0.20328369140625,0.0,0.0,1.295
0.20328369140625,0.0,0.0,1.296
0.1780517578125,0.0,0.0,1.297
0.20328369140625,0.0,0.0,1.298
0.20328369140625,0.0,0.0,1.299
0.22899169921874998,0.0,0.0,1.3
0.20328369140625,0.0,0.0,1.301
0.20328369140625,0.0,0.0,1.302
0.22899169921874998,0.0,0.0,1.303
0.1780517578125,0.0,0.0,1.304
0.20328369140625,0.0,0.0,1.305
0.1780517578125,0.0,0.0,1.306
0.1780517578125,0.0,0.0,1.307
0.20328369140625,0.0,0.0,1.308
0.20328369140625,0.0,0.0,1.309
0.20328369140625,0.0,0.0,1.31
0.1780517578125,0.0,0.0,1.311
0.1780517578125,0.0,0.0,1.312
0.22899169921874998,0.0,0.0,1.313
0.20328369140625,0.0,0.0,1.314
0.20328369140625,0.0,0.0,1.315
0.20328369140625,0.0,0.0,1.316
0.20328369140625,0.0,0.0,1.317
0.20328369140625,0.0,0.0,1.318
0.1780517578125,0.0,0.0,1.319
0.20328369140625,0.0,0.0,1.32
0.1780517578125,0.0,0.0,1.321
0.20328369140625,0.0,0.0,1.322
0.1780517578125,0.0,0.0,1.323
0.20328369140625,0.0,0.0,1.324
0.1780517578125,0.0,0.0,1.325
0.1780517578125,0.0,0.0,1.326
0.20328369140625,0.0,0.0,1.327
0.20328369140625,0.0,0.0,1.328
0.22899169921874998,0.0,0.0,1.329
0.22899169921874998,0.0,0.0,1.33
0.20328369140625,0.0,0.0,1.331
0.1780517578125,0.0,0.0,1.332
0.20328369140625,0.0,0.0,1.333
0.20328369140625,0.0,0.0,1.334
0.20328369140625,0.0,0.0,1.335
0.22899169921874998,0.0,0.0,1.336
0.22899169921874998,0.0,0.0,1.337
0.20328369140625,0.0,0.0,1.338
0.1780517578125,0.0,0.0,1.339
0.1780517578125,0.0,0.0,1.34
0.20328369140625,0.0,0.0,1.341
0.20328369140625,0.0,0.0,1.342
0.22899169921874998,0.0,0.0,1.343
0.22899169921874998,0.0,0.0,1.344
0.22899169921874998,0.0,0.0,1.345
0.20328369140625,0.0,0.0,1.346
0.22899169921874998,0.0,0.0,1.347
0.20328369140625,0.0,0.0,1.348
0.2542236328125,0.0,0.0,1.349
0.20328369140625,0.0,0.0,1.35
0.20328369140625,0.0,0.0,1.351
0.15234375,0.0,0.0,1.352
0.20328369140625,0.0,0.0,1.353
0.22899169921874998,0.0,0.0,1.354
0.20328369140625,0.0,0.0,1.355
0.22899169921874998,0.0,0.0,1.356
0.22899169921874998,0.0,0.0,1.357
0.20328369140625,0.0,0.0,1.358
0.15234375,0.0,0.0,1.359
0.1780517578125,0.0,0.0,1.36
0.20328369140625,0.0,0.0,1.361
0.22899169921874998,0.0,0.0,1.362
0.20328369140625,0.0,0.0,1.363
0.20328369140625,0.0,0.0,1.364
0.20328369140625,0.0,0.0,1.365
0.20328369140625,0.0,0.0,1.366
0.20328369140625,0.0,0.0,1.367
0.20328369140625,0.0,0.0,1.368
0.22899169921874998,0.0,0.0,1.369
0.1780517578125,0.0,0.0,1.37
0.20328369140625,0.0,0.0,1.371
0.20328369140625,0.0,0.0,1.372
0.20328369140625,0.0,0.0,1.373
0.20328369140625,0.0,0.0,1.374
0.22899169921874998,0.0,0.0,1.375
0.20328369140625,0.0,0.0,1.376
0.22899169921874998,0.0,0.0,1.377
0.20328369140625,0.0,0.0,1.378
0.22899169921874998,0.0,0.0,1.379
0.20328369140625,0.0,0.0,1.38
0.20328369140625,0.0,0.0,1.381
0.22899169921874998,0.0,0.0,1.382
0.22899169921874998,0.0,0.0,1.383
0.22899169921874998,0.0,0.0,1.384
0.20328369140625,0.0,0.0,1.385
0.22899169921874998,0.0,0.0,1.386
0.20328369140625,0.0,0.0,1.387
0.1780517578125,0.0,0.0,1.388
0.2542236328125,0.0,0.0,1.389
0.22899169921874998,0.0,0.0,1.39
0.20328369140625,0.0,0.0,1.391
0.22899169921874998,0.0,0.0,1.392
0.22899169921874998,0.0,0.0,1.393
0.20328369140625,0.0,0.0,1.394
0.20328369140625,0.0,0.0,1.395
0.22899169921874998,0.0,0.0,1.396
0.22899169921874998,0.0,0.0,1.397
0.20328369140625,0.0,0.0,1.398
0.22899169921874998,0.0,0.0,1.399
0.22899169921874998,0.0,0.0,1.4
0.22899169921874998,0.0,0.0,1.401
0.22899169921874998,0.0,0.0,1.402
0.22899169921874998,0.0,0.0,1.403
0.22899169921874998,0.0,0.0,1.404
0.22899169921874998,0.0,0.0,1.405
0.20328369140625,0.0,0.0,1.406
0.20328369140625,0.0,0.0,1.407
0.22899169921874998,0.0,0.0,1.408
0.2542236328125,0.0,0.0,1.409
0.22899169921874998,0.0,0.0,1.41
0.20328369140625,0.0,0.0,1.411
0.1780517578125,0.0,0.0,1.412
0.22899169921874998,0.0,0.0,1.413
0.22899169921874998,0.0,0.0,1.414
0.2542236328125,0.0,0.0,1.415
0.22899169921874998,0.0,0.0,1.416
0.22899169921874998,0.0,0.0,1.417
0.22899169921874998,0.0,0.0,1.418
0.22899169921874998,0.0,0.0,1.419
0.20328369140625,0.0,0.0,1.42
0.20328369140625,0.0,0.0,1.421
0.20328369140625,0.0,0.0,1.422
0.20328369140625,0.0,0.0,1.423
0.22899169921874998,0.0,0.0,1.424
0.20328369140625,0.0,0.0,1.425
0.20328369140625,0.0,0.0,1.426
0.22899169921874998,0.0,0.0,1.427
0.20328369140625,0.0,0.0,1.428
0.22899169921874998,0.0,0.0,1.429
0.22899169921874998,0.0,0.0,1.43
0.20328369140625,0.0,0.0,1.431
0.22899169921874998,0.0,0.0,1.432
0.20328369140625,0.0,0.0,1.433
0.22899169921874998,0.0,0.0,1.434
0.22899169921874998,0.0,0.0,1.435
0.20328369140625,0.0,0.0,1.436
0.22899169921874998,0.0,0.0,1.437
0.22899169921874998,0.0,0.0,1.438
0.20328369140625,0.0,0.0,1.439
0.2542236328125,0.0,0.0,1.44
0.20328369140625,0.0,0.0,1.441
0.22899169921874998,0.0,0.0,1.442
0.22899169921874998,0.0,0.0,1.443
0.22899169921874998,0.0,0.0,1.444
0.20328369140625,0.0,0.0,1.445
0.22899169921874998,0.0,0.0,1.446
0.20328369140625,0.0,0.0,1.447
0.22899169921874998,0.0,0.0,1.448
0.1780517578125,0.0,0.0,1.449
0.22899169921874998,0.0,0.0,1.45
0.22899169921874998,0.0,0.0,1.451
0.22899169921874998,0.0,0.0,1.452
0.22899169921874998,0.0,0.0,1.453
0.22899169921874998,0.0,0.0,1.454
0.22899169921874998,0.0,0.0,1.455
0.22899169921874998,0.0,0.0,1.456
0.22899169921874998,0.0,0.0,1.457
0.22899169921874998,0.0,0.0,1.458
0.20328369140625,0.0,0.0,1.459
0.20328369140625,0.0,0.0,1.46
0.20328369140625,0.0,0.0,1.461
0.22899169921874998,0.0,0.0,1.462
0.20328369140625,0.0,0.0,1.463
0.22899169921874998,0.0,0.0,1.464
0.22899169921874998,0.0,0.0,1.465
0.22899169921874998,0.0,0.0,1.466
0.22899169921874998,0.0,0.0,1.467
0.2542236328125,0.0,0.0,1.468
0.2542236328125,0.0,0.0,1.469
0.22899169921874998,0.0,0.0,1.47
0.20328369140625,0.0,0.0,1.471
0.22899169921874998,0.0,0.0,1.472
0.22899169921874998,0.0,0.0,1.473
0.22899169921874998,0.0,0.0,1.474
0.22899169921874998,0.0,0.0,1.475
0.2542236328125,0.0,0.0,1.476
0.22899169921874998,0.0,0.0,1.477
0.22899169921874998,0.0,0.0,1.478
0.22899169921874998,0.0,0.0,1.479
0.22899169921874998,0.0,0.0,1.48
0.22899169921874998,0.0,0.0,1.481
0.22899169921874998,0.0,0.0,1.482
0.22899169921874998,0.0,0.0,1.483
0.20328369140625,0.0,0.0,1.484
0.20328369140625,0.0,0.0,1.485
0.22899169921874998,0.0,0.0,1.486
0.22899169921874998,0.0,0.0,1.487
0.22899169921874998,0.0,0.0,1.488
0.22899169921874998,0.0,0.0,1.489
0.20328369140625,0.0,0.0,1.49
0.20328369140625,0.0,0.0,1.491
0.22899169921874998,0.0,0.0,1.492
0.22899169921874998,0.0,0.0,1.493
0.22899169921874998,0.0,0.0,1.494
0.22899169921874998,0.0,0.0,1.495
0.20328369140625,0.0,0.0,1.496
0.22899169921874998,0.0,0.0,1.497
0.22899169921874998,0.0,0.0,1.498
0.22899169921874998,0.0,0.0,1.499
0.22899169921874998,0.0,0.0,1.5
0.20328369140625,0.0,0.0,1.501
0.22899169921874998,0.0,0.0,1.502
0.20328369140625,0.0,0.0,1.503
0.2542236328125,0.0,0.0,1.504
0.2542236328125,0.0,0.0,1.505
0.20328369140625,0.0,0.0,1.506
0.22899169921874998,0.0,0.0,1.507
0.22899169921874998,0.0,0.0,1.508
0.22899169921874998,0.0,0.0,1.509
0.2542236328125,0.0,0.0,1.51
0.22899169921874998,0.0,0.0,1.511
0.2542236328125,0.0,0.0,1.512
0.22899169921874998,0.0,0.0,1.513
0.20328369140625,0.0,0.0,1.514
0.22899169921874998,0.0,0.0,1.515
0.2542236328125,0.0,0.0,1.516
0.2542236328125,0.0,0.0,1.517
0.20328369140625,0.0,0.0,1.518
0.20328369140625,0.0,0.0,1.519
0.20328369140625,0.0,0.0,1.52
0.2542236328125,0.0,0.0,1.521
0.22899169921874998,0.0,0.0,1.522
0.22899169921874998,0.0,0.0,1.523
0.22899169921874998,0.0,0.0,1.524
0.20328369140625,0.0,0.0,1.525
0.22899169921874998,0.0,0.0,1.526
0.2542236328125,0.0,0.0,1.527
0.22899169921874998,0.0,0.0,1.528
0.22899169921874998,0.0,0.0,1.529
0.2542236328125,0.0,0.0,1.53
0.22899169921874998,0.0,0.0,1.531
0.22899169921874998,0.0,0.0,1.532
0.2542236328125,0.0,0.0,1.533
0.22899169921874998,0.0,0.0,1.534
0.2542236328125,0.0,0.0,1.535
0.2542236328125,0.0,0.0,1.536
0.2542236328125,0.0,0.0,1.537
0.20328369140625,0.0,0.0,1.538
0.22899169921874998,0.0,0.0,1.539
0.2542236328125,0.0,0.0,1.54
0.22899169921874998,0.0,0.0,1.541
0.20328369140625,0.0,0.0,1.542
0.22899169921874998,0.0,0.0,1.543
0.2542236328125,0.0,0.0,1.544
0.22899169921874998,0.0,0.0,1.545
0.22899169921874998,0.0,0.0,1.546
0.22899169921874998,0.0,0.0,1.547
0.2542236328125,0.0,0.0,1.548
0.2542236328125,0.0,0.0,1.549
0.22899169921874998,0.0,0.0,1.55
0.20328369140625,0.0,0.0,1.551
0.20328369140625,0.0,0.0,1.552
0.20328369140625,0.0,0.0,1.553
0.22899169921874998,0.0,0.0,1.554
0.22899169921874998,0.0,0.0,1.555
0.2542236328125,0.0,0.0,1.556
0.22899169921874998,0.0,0.0,1.557
0.20328369140625,0.0,0.0,1.558
0.22899169921874998,0.0,0.0,1.559
0.22899169921874998,0.0,0.0,1.56
0.20328369140625,0.0,0.0,1.561
0.22899169921874998,0.0,0.0,1.562
0.22899169921874998,0.0,0.0,1.563
0.22899169921874998,0.0,0.0,1.564
0.22899169921874998,0.0,0.0,1.565
0.27945556640624997,0.0,0.0,1.566
0.22899169921874998,0.0,0.0,1.567
0.22899169921874998,0.0,0.0,1.568
0.22899169921874998,0.0,0.0,1.569
0.22899169921874998,0.0,0.0,1.57
0.2542236328125,0.0,0.0,1.571
0.2542236328125,0.0,0.0,1.572
0.22899169921874998,0.0,0.0,1.573
0.22899169921874998,0.0,0.0,1.574
0.2542236328125,0.0,0.0,1.575
0.22899169921874998,0.0,0.0,1.576
0.22899169921874998,0.0,0.0,1.577
0.2542236328125,0.0,0.0,1.578
0.22899169921874998,0.0,0.0,1.579
0.2542236328125,0.0,0.0,1.58
0.2542236328125,0.0,0.0,1.581
0.2542236328125,0.0,0.0,1.582
0.2542236328125,0.0,0.0,1.583
0.22899169921874998,0.0,0.0,1.584
0.22899169921874998,0.0,0.0,1.585
0.22899169921874998,0.0,0.0,1.586
0.2542236328125,0.0,0.0,1.587
0.2542236328125,0.0,0.0,1.588
0.2542236328125,0.0,0.0,1.589
0.2542236328125,0.0,0.0,1.59
0.20328369140625,0.0,0.0,1.591
0.22899169921874998,0.0,0.0,1.592
0.2542236328125,0.0,0.0,1.593
0.20328369140625,0.0,0.0,1.594
0.22899169921874998,0.0,0.0,1.595
0.2542236328125,0.0,0.0,1.596
0.2542236328125,0.0,0.0,1.597
0.22899169921874998,0.0,0.0,1.598
0.2542236328125,0.0,0.0,1.599
0.2542236328125,0.0,0.0,1.6
0.2542236328125,0.0,0.0,1.601
0.2542236328125,0.0,0.0,1.602
0.2542236328125,0.0,0.0,1.603
0.22899169921874998,0.0,0.0,1.604
0.22899169921874998,0.0,0.0,1.605
0.22899169921874998,0.0,0.0,1.606
0.2542236328125,0.0,0.0,1.607
0.27945556640624997,0.0,0.0,1.608
0.2542236328125,0.0,0.0,1.609
0.22899169921874998,0.0,0.0,1.61
0.22899169921874998,0.0,0.0,1.611
0.22899169921874998,0.0,0.0,1.612
0.22899169921874998,0.0,0.0,1.613
0.22899169921874998,0.0,0.0,1.614
0.20328369140625,0.0,0.0,1.615
0.20328369140625,0.0,0.0,1.616
0.1780517578125,0.0,0.0,1.617
0.15234375,0.0,0.0,1.618
0.12711181640625,0.0,0.0,1.619
0.12711181640625,0.0,0.0,1.62
0.15234375,0.0,0.0,1.621
0.12711181640625,0.0,0.0,1.622
0.15234375,0.0,0.0,1.623
0.15234375,0.0,0.0,1.624
0.1780517578125,0.0,0.0,1.625
0.1780517578125,0.0,0.0,1.626
0.1780517578125,0.0,0.0,1.627
0.1780517578125,0.0,0.0,1.628
0.1780517578125,0.0,0.0,1.629
0.20328369140625,0.0,0.0,1.63
0.20328369140625,0.0,0.0,1.631
0.22899169921874998,0.0,0.0,1.632
0.22899169921874998,0.0,0.0,1.633
0.20328369140625,0.0,0.0,1.634
0.22899169921874998,0.0,0.0,1.635
0.22899169921874998,0.0,0.0,1.636
0.20328369140625,0.0,0.0,1.637
0.22899169921874998,0.0,0.0,1.638
0.22899169921874998,0.0,0.0,1.639
0.20328369140625,0.0,0.0,1.64
0.20328369140625,0.0,0.0,1.641
0.20328369140625,0.0,0.0,1.642
0.22899169921874998,0.0,0.0,1.643
0.20328369140625,0.0,0.0,1.644
0.20328369140625,0.0,0.0,1.645
0.20328369140625,0.0,0.0,1.646
0.20328369140625,0.0,0.0,1.647
0.22899169921874998,0.0,0.0,1.648
0.20328369140625,0.0,0.0,1.649
0.20328369140625,0.0,0.0,1.65
0.20328369140625,0.0,0.0,1.651
0.22899169921874998,0.0,0.0,1.652
0.20328369140625,0.0,0.0,1.653
0.20328369140625,0.0,0.0,1.654
0.22899169921874998,0.0,0.0,1.655
0.20328369140625,0.0,0.0,1.656
0.1780517578125,0.0,0.0,1.657
0.20328369140625,0.0,0.0,1.658
0.1780517578125,0.0,0.0,1.659
0.1780517578125,0.0,0.0,1.66
0.20328369140625,0.0,0.0,1.661
0.22899169921874998,0.0,0.0,1.662
0.1780517578125,0.0,0.0,1.663
0.20328369140625,0.0,0.0,1.664
0.22899169921874998,0.0,0.0,1.665
0.22899169921874998,0.0,0.0,1.666
0.20328369140625,0.0,0.0,1.667
0.20328369140625,0.0,0.0,1.668
0.20328369140625,0.0,0.0,1.669
0.22899169921874998,0.0,0.0,1.67
0.1780517578125,0.0,0.0,1.671
0.1780517578125,0.0,0.0,1.672
0.20328369140625,0.0,0.0,1.673
0.20328369140625,0.0,0.0,1.674
0.1780517578125,0.0,0.0,1.675
0.1780517578125,0.0,0.0,1.676
0.20328369140625,0.0,0.0,1.677
0.20328369140625,0.0,0.0,1.678
0.22899169921874998,0.0,0.0,1.679
0.20328369140625,0.0,0.0,1.68
0.22899169921874998,0.0,0.0,1.681
0.20328369140625,0.0,0.0,1.682
0.20328369140625,0.0,0.0,1.683
0.2542236328125,0.0,0.0,1.684
0.1780517578125,0.0,0.0,1.685
0.1780517578125,0.0,0.0,1.686
0.20328369140625,0.0,0.0,1.687
0.20328369140625,0.0,0.0,1.688
0.20328369140625,0.0,0.0,1.689
0.20328369140625,0.0,0.0,1.69
0.20328369140625,0.0,0.0,1.691
0.22899169921874998,0.0,0.0,1.692
0.20328369140625,0.0,0.0,1.693
0.20328369140625,0.0,0.0,1.694
0.20328369140625,0.0,0.0,1.695
0.22899169921874998,0.0,0.0,1.696
0.22899169921874998,0.0,0.0,1.697
0.22899169921874998,0.0,0.0,1.698
0.1780517578125,0.0,0.0,1.699
0.20328369140625,0.0,0.0,1.7
0.20328369140625,0.0,0.0,1.701
0.20328369140625,0.0,0.0,1.702
0.1780517578125,0.0,0.0,1.703
0.20328369140625,0.0,0.0,1.704
0.20328369140625,0.0,0.0,1.705
0.22899169921874998,0.0,0.0,1.706
0.22899169921874998,0.0,0.0,1.707
0.22899169921874998,0.0,0.0,1.708
0.20328369140625,0.0,0.0,1.709
0.20328369140625,0.0,0.0,1.71
0.20328369140625,0.0,0.0,1.711
0.22899169921874998,0.0,0.0,1.712
0.20328369140625,0.0,0.0,1.713
0.22899169921874998,0.0,0.0,1.714
0.20328369140625,0.0,0.0,1.715
0.20328369140625,0.0,0.0,1.716
0.22899169921874998,0.0,0.0,1.717
0.22899169921874998,0.0,0.0,1.718
0.20328369140625,0.0,0.0,1.719
0.1780517578125,0.0,0.0,1.72
0.20328369140625,0.0,0.0,1.721
0.1780517578125,0.0,0.0,1.722
0.20328369140625,0.0,0.0,1.723
0.1780517578125,0.0,0.0,1.724
0.1780517578125,0.0,0.0,1.725
0.22899169921874998,0.0,0.0,1.726
0.22899169921874998,0.0,0.0,1.727
0.22899169921874998,0.0,0.0,1.728
0.2542236328125,0.0,0.0,1.729
0.20328369140625,0.0,0.0,1.73
0.20328369140625,0.0,0.0,1.731
0.22899169921874998,0.0,0.0,1.732
0.20328369140625,0.0,0.0,1.733
0.20328369140625,0.0,0.0,1.734
0.22899169921874998,0.0,0.0,1.735
0.1780517578125,0.0,0.0,1.736
0.20328369140625,0.0,0.0,1.737
0.1780517578125,0.0,0.0,1.738
0.20328369140625,0.0,0.0,1.739
0.20328369140625,0.0,0.0,1.74
0.1780517578125,0.0,0.0,1.741
0.22899169921874998,0.0,0.0,1.742
0.22899169921874998,0.0,0.0,1.743
0.22899169921874998,0.0,0.0,1.744
0.20328369140625,0.0,0.0,1.745
0.22899169921874998,0.0,0.0,1.746
0.20328369140625,0.0,0.0,1.747
0.20328369140625,0.0,0.0,1.748
0.20328369140625,0.0,0.0,1.749
0.22899169921874998,0.0,0.0,1.75
0.20328369140625,0.0,0.0,1.751
0.20328369140625,0.0,0.0,1.752
0.22899169921874998,0.0,0.0,1.753
0.22899169921874998,0.0,0.0,1.754
0.20328369140625,0.0,0.0,1.755
0.1780517578125,0.0,0.0,1.756
0.20328369140625,0.0,0.0,1.757
0.22899169921874998,0.0,0.0,1.758
0.20328369140625,0.0,0.0,1.759
0.20328369140625,0.0,0.0,1.76
0.22899169921874998,0.0,0.0,1.761
0.20328369140625,0.0,0.0,1.762
0.20328369140625,0.0,0.0,1.763
0.22899169921874998,0.0,0.0,1.764
0.22899169921874998,0.0,0.0,1.765
0.20328369140625,0.0,0.0,1.766
0.22899169921874998,0.0,0.0,1.767
0.20328369140625,0.0,0.0,1.768
0.22899169921874998,0.0,0.0,1.769
0.22899169921874998,0.0,0.0,1.77
0.20328369140625,0.0,0.0,1.771
0.22899169921874998,0.0,0.0,1.772
0.20328369140625,0.0,0.0,1.773
0.22899169921874998,0.0,0.0,1.774
0.20328369140625,0.0,0.0,1.775
0.20328369140625,0.0,0.0,1.776
0.22899169921874998,0.0,0.0,1.777
0.20328369140625,0.0,0.0,1.778
0.20328369140625,0.0,0.0,1.779
0.22899169921874998,0.0,0.0,1.78
0.20328369140625,0.0,0.0,1.781
0.20328369140625,0.0,0.0,1.782
0.20328369140625,0.0,0.0,1.783
0.20328369140625,0.0,0.0,1.784
0.20328369140625,0.0,0.0,1.785
0.1780517578125,0.0,0.0,1.786
0.20328369140625,0.0,0.0,1.787
0.20328369140625,0.0,0.0,1.788
0.22899169921874998,0.0,0.0,1.789
0.22899169921874998,0.0,0.0,1.79
0.20328369140625,0.0,0.0,1.791
0.1780517578125,0.0,0.0,1.792
0.20328369140625,0.0,0.0,1.793
0.22899169921874998,0.0,0.0,1.794
0.20328369140625,0.0,0.0,1.795
0.22899169921874998,0.0,0.0,1.796
0.20328369140625,0.0,0.0,1.797
0.20328369140625,0.0,0.0,1.798
0.20328369140625,0.0,0.0,1.799
0.22899169921874998,0.0,0.0,1.8
0.22899169921874998,0.0,0.0,1.801
0.20328369140625,0.0,0.0,1.802
0.22899169921874998,0.0,0.0,1.803
0.20328369140625,0.0,0.0,1.804
0.20328369140625,0.0,0.0,1.805
0.22899169921874998,0.0,0.0,1.806
0.20328369140625,0.0,0.0,1.807
0.20328369140625,0.0,0.0,1.808
0.22899169921874998,0.0,0.0,1.809
0.22899169921874998,0.0,0.0,1.81
0.22899169921874998,0.0,0.0,1.811
0.20328369140625,0.0,0.0,1.812
0.22899169921874998,0.0,0.0,1.813
0.22899169921874998,0.0,0.0,1.814
0.22899169921874998,0.0,0.0,1.815
0.20328369140625,0.0,0.0,1.816
0.20328369140625,0.0,0.0,1.817
0.20328369140625,0.0,0.0,1.818
0.22899169921874998,0.0,0.0,1.819
0.22899169921874998,0.0,0.0,1.82
0.20328369140625,0.0,0.0,1.821
0.20328369140625,0.0,0.0,1.822
0.22899169921874998,0.0,0.0,1.823
0.20328369140625,0.0,0.0,1.824
0.20328369140625,0.0,0.0,1.825
0.22899169921874998,0.0,0.0,1.826
0.20328369140625,0.0,0.0,1.827
0.22899169921874998,0.0,0.0,1.828
0.22899169921874998,0.0,0.0,1.829
0.22899169921874998,0.0,0.0,1.83
0.22899169921874998,0.0,0.0,1.831
0.20328369140625,0.0,0.0,1.832
0.22899169921874998,0.0,0.0,1.833
0.22899169921874998,0.0,0.0,1.834
0.20328369140625,0.0,0.0,1.835
0.20328369140625,0.0,0.0,1.836
0.20328369140625,0.0,0.0,1.837
0.20328369140625,0.0,0.0,1.838
0.20328369140625,0.0,0.0,1.839
0.20328369140625,0.0,0.0,1.84
0.22899169921874998,0.0,0.0,1.841
0.22899169921874998,0.0,0.0,1.842
0.1780517578125,0.0,0.0,1.843
0.22899169921874998,0.0,0.0,1.844
0.22899169921874998,0.0,0.0,1.845
0.20328369140625,0.0,0.0,1.846
0.22899169921874998,0.0,0.0,1.847
0.20328369140625,0.0,0.0,1.848
0.20328369140625,0.0,0.0,1.849
0.20328369140625,0.0,0.0,1.85
0.20328369140625,0.0,0.0,1.851
0.20328369140625,0.0,0.0,1.852
0.20328369140625,0.0,0.0,1.853
0.22899169921874998,0.0,0.0,1.854
0.22899169921874998,0.0,0.0,1.855
0.20328369140625,0.0,0.0,1.856
0.22899169921874998,0.0,0.0,1.857
0.22899169921874998,0.0,0.0,1.858
0.22899169921874998,0.0,0.0,1.859
0.22899169921874998,0.0,0.0,1.86
0.20328369140625,0.0,0.0,1.861
0.22899169921874998,0.0,0.0,1.862
0.20328369140625,0.0,0.0,1.863
