0.0,0.0,0.001
0.06103515625,0.0,0.011
0.3662109375,0.0,0.021
0.91552734375,0.0,0.031
1.5869140625,0.0,0.041
2.50244140625,0.0,0.051
3.662109375,0.0,0.061
4.94384765625,0.0,0.071
6.4697265625,0.0,0.081
8.1787109375,0.0,0.091
10.07080078125,0.0,0.101
12.20703125,0.0,0.111
14.5263671875,0.0,0.121
17.08984375,0.0,0.131
19.775390625,0.0,0.141
22.705078125,1.15966796875,0.151
25.81787109375,1.15966796875,0.161
29.11376953125,3.5400390625,0.171
32.65380859375,5.37109375,0.181
36.376953125,7.75146484375,0.191
40.283203125,10.7421875,0.201
44.49462890625,14.95361328125,0.211
48.76708984375,17.9443359375,0.221
53.28369140625,22.15576171875,0.231
58.04443359375,25.7568359375,0.241
62.92724609375,29.35791015625,0.251
68.05419921875,34.1796875,0.261
73.3642578125,38.39111328125,0.271
78.91845703125,43.76220703125,0.281
84.5947265625,49.1943359375,0.291
90.51513671875,52.18505859375,0.301
96.8017578125,56.396484375,0.311
103.08837890625,61.1572265625,0.321
109.619140625,70.1904296875,0.331
116.3330078125,76.171875,0.341
123.291015625,80.38330078125,0.351
130.37109375,86.36474609375,0.361
137.6953125,92.34619140625,0.371
145.263671875,97.16796875,0.381
152.9541015625,104.3701171875,0.391
160.888671875,112.1826171875,0.401
169.189453125,119.384765625,0.411
177.490234375,125.9765625,0.421
186.03515625,131.9580078125,0.431
194.76318359375,139.7705078125,0.441
203.67431640625,148.8037109375,0.451
212.82958984375,155.3955078125,0.461
222.10693359375,163.14697265625,0.471
231.689453125,172.18017578125,0.481
241.39404296875,179.38232421875,0.491
251.3427734375,187.19482421875,0.501
261.65771484375,197.3876953125,0.511
271.97265625,207.70263671875,0.521
282.53173828125,213.56201171875,0.531
293.212890625,222.59521484375,0.541
304.19921875,232.7880859375,0.551
315.3076171875,242.37060546875,0.561
326.66015625,251.40380859375,0.571
338.134765625,262.14599609375,0.581
349.91455078125,271.78955078125,0.591
361.81640625,281.982421875,0.601
374.20654296875,293.39599609375,0.611
386.53564453125,302.978515625,0.621
399.0478515625,313.78173828125,0.631
411.68212890625,325.1953125,0.641
424.072265625,336.5478515625,0.651
436.279296875,347.35107421875,0.661
448.30322265625,358.7646484375,0.671
460.14404296875,370.17822265625,0.681
471.74072265625,381.591796875,0.691
483.154296875,392.39501953125,0.701
494.62890625,403.1982421875,0.711
505.615234375,414.55078125,0.721
516.4794921875,425.96435546875,0.731
527.099609375,436.1572265625,0.741
537.4755859375,446.4111328125,0.751
547.7294921875,457.1533203125,0.761
557.7392578125,468.56689453125,0.771
567.56591796875,477.60009765625,0.781
577.1484375,488.4033203125,0.791
586.5478515625,499.20654296875,0.801
595.947265625,508.1787109375,0.811
604.98046875,517.76123046875,0.821
613.76953125,527.9541015625,0.831
622.4365234375,537.59765625,0.841
630.79833984375,547.18017578125,0.851
639.0380859375,556.21337890625,0.861
647.03369140625,564.5751953125,0.871
654.84619140625,574.15771484375,0.881
662.4755859375,582.58056640625,0.891
669.86083984375,591.00341796875,0.901
677.24609375,599.365234375,0.911
684.26513671875,607.7880859375,0.921
691.0400390625,615.6005859375,0.931
697.69287109375,624.57275390625,0.941
704.1015625,631.16455078125,0.951
710.26611328125,639.58740234375,0.961
716.30859375,646.17919921875,0.971
722.10693359375,653.99169921875,0.981
727.72216796875,660.58349609375,0.991
733.09326171875,667.78564453125,1.001
738.4033203125,674.37744140625,1.011
743.408203125,681.57958984375,1.021
748.22998046875,687.56103515625,1.031
752.86865234375,694.2138671875,1.041
757.26318359375,700.1953125,1.051
761.474609375,705.56640625,1.061
765.44189453125,710.99853515625,1.071
769.287109375,716.97998046875,1.081
772.88818359375,721.8017578125,1.091
776.30615234375,727.1728515625,1.101
779.541015625,731.38427734375,1.111
782.53173828125,737.36572265625,1.121
785.33935546875,741.5771484375,1.131
787.9638671875,745.17822265625,1.141
790.34423828125,749.3896484375,1.151
792.54150390625,753.60107421875,1.161
794.5556640625,756.591796875,1.171
796.32568359375,760.80322265625,1.181
797.9736328125,764.404296875,1.191
799.37744140625,767.39501953125,1.201
800.59814453125,773.37646484375,1.211
801.57470703125,775.20751953125,1.221
802.3681640625,778.1982421875,1.231
802.978515625,779.96826171875,1.241
803.3447265625,781.79931640625,1.251
803.5888671875,784.1796875,1.261
803.5888671875,786.0107421875,1.271
803.3447265625,786.56005859375,1.281
802.978515625,788.39111328125,1.291
802.3681640625,789.61181640625,1.301
801.57470703125,789.61181640625,1.311
800.78125,790.1611328125,1.321
800.23193359375,791.3818359375,1.331
799.9267578125,791.3818359375,1.341
799.74365234375,792.6025390625,1.351
799.8046875,792.6025390625,1.361
799.98779296875,792.6025390625,1.371
799.98779296875,793.76220703125,1.381
799.98779296875,793.76220703125,1.391
799.98779296875,794.37255859375,1.401
799.98779296875,794.37255859375,1.411
799.98779296875,795.59326171875,1.421
799.98779296875,795.59326171875,1.431
799.98779296875,796.20361328125,1.441
799.98779296875,796.20361328125,1.451
799.98779296875,796.20361328125,1.461
799.98779296875,796.81396484375,1.471
799.98779296875,796.81396484375,1.481
799.98779296875,797.36328125,1.491
799.98779296875,797.36328125,1.501
799.98779296875,797.9736328125,1.511
799.98779296875,797.36328125,1.521
799.98779296875,797.9736328125,1.531
799.98779296875,797.36328125,1.541
799.98779296875,797.9736328125,1.551
799.98779296875,797.9736328125,1.561
799.98779296875,798.583984375,1.571
799.98779296875,797.9736328125,1.581
799.98779296875,798.583984375,1.591
799.98779296875,797.9736328125,1.601
799.98779296875,798.583984375,1.611
799.98779296875,797.9736328125,1.621
799.98779296875,798.583984375,1.631
799.98779296875,799.1943359375,1.641
799.98779296875,798.583984375,1.651
799.98779296875,798.583984375,1.661
799.98779296875,799.1943359375,1.671
799.98779296875,799.1943359375,1.681
799.98779296875,798.583984375,1.691
799.98779296875,798.583984375,1.701
799.98779296875,798.583984375,1.711
799.98779296875,799.8046875,1.721
799.98779296875,799.1943359375,1.731
799.98779296875,799.8046875,1.741
799.98779296875,798.583984375,1.751
799.98779296875,799.1943359375,1.761
799.98779296875,799.1943359375,1.771
799.98779296875,799.1943359375,1.781
799.98779296875,799.8046875,1.791
799.98779296875,799.8046875,1.801
799.98779296875,799.8046875,1.811
799.98779296875,799.1943359375,1.821
799.98779296875,799.1943359375,1.831
799.98779296875,799.8046875,1.841
799.98779296875,799.8046875,1.851
799.98779296875,799.1943359375,1.861
799.98779296875,800.4150390625,1.871
799.98779296875,799.8046875,1.881
799.98779296875,799.8046875,1.891
799.98779296875,799.8046875,1.901
799.98779296875,799.8046875,1.911
799.98779296875,799.8046875,1.921
799.98779296875,799.8046875,1.931
799.98779296875,799.8046875,1.941
799.98779296875,799.8046875,1.951
799.98779296875,800.4150390625,1.961
799.98779296875,799.8046875,1.971
799.98779296875,799.8046875,1.981
799.98779296875,799.8046875,1.991
799.98779296875,799.8046875,2.001
799.98779296875,799.8046875,2.011
799.98779296875,800.4150390625,2.021
799.98779296875,800.4150390625,2.031
799.98779296875,799.8046875,2.041
799.98779296875,799.8046875,2.051
799.98779296875,800.4150390625,2.061
799.98779296875,799.1943359375,2.071
799.98779296875,800.4150390625,2.081
799.98779296875,799.8046875,2.091
799.98779296875,800.4150390625,2.101
799.98779296875,799.8046875,2.111
799.98779296875,799.8046875,2.121
799.98779296875,800.4150390625,2.131
799.98779296875,799.8046875,2.141
799.98779296875,799.8046875,2.151
799.98779296875,799.8046875,2.161
799.98779296875,799.8046875,2.171
799.98779296875,800.4150390625,2.181
799.98779296875,800.4150390625,2.191
799.98779296875,799.8046875,2.201
799.98779296875,800.4150390625,2.211
799.98779296875,799.8046875,2.221
799.98779296875,800.4150390625,2.231
799.98779296875,800.96435546875,2.241
799.98779296875,800.4150390625,2.251
799.98779296875,800.4150390625,2.261
799.98779296875,800.4150390625,2.271
799.98779296875,800.4150390625,2.281
799.98779296875,800.4150390625,2.291
799.98779296875,800.4150390625,2.301
799.98779296875,800.4150390625,2.311
799.98779296875,800.4150390625,2.321
799.98779296875,800.4150390625,2.331
799.98779296875,800.4150390625,2.341
799.98779296875,800.4150390625,2.351
799.98779296875,800.4150390625,2.361
799.98779296875,799.8046875,2.371
799.98779296875,800.4150390625,2.381
799.98779296875,800.4150390625,2.391
799.98779296875,800.4150390625,2.401
799.98779296875,800.4150390625,2.411
799.98779296875,800.4150390625,2.421
799.98779296875,799.8046875,2.431
799.98779296875,800.4150390625,2.441
799.98779296875,799.8046875,2.451
799.98779296875,799.8046875,2.461
799.98779296875,800.96435546875,2.471
799.98779296875,799.8046875,2.481
799.98779296875,800.4150390625,2.491
799.98779296875,799.8046875,2.501
799.98779296875,800.4150390625,2.511
799.98779296875,799.8046875,2.521
799.98779296875,799.8046875,2.531
799.98779296875,799.8046875,2.541
799.98779296875,800.4150390625,2.551
799.98779296875,799.8046875,2.561
799.98779296875,799.8046875,2.571
799.98779296875,800.4150390625,2.581
799.98779296875,799.8046875,2.591
799.98779296875,799.8046875,2.601
799.98779296875,799.8046875,2.611
799.98779296875,799.8046875,2.621
799.98779296875,800.4150390625,2.631
799.98779296875,800.4150390625,2.641
799.98779296875,799.8046875,2.651
799.98779296875,799.8046875,2.661
799.98779296875,799.1943359375,2.671
799.98779296875,799.8046875,2.681
799.98779296875,800.4150390625,2.691
799.98779296875,800.4150390625,2.701
799.98779296875,799.8046875,2.711
799.98779296875,799.8046875,2.721
799.98779296875,799.8046875,2.731
799.98779296875,799.1943359375,2.741
799.98779296875,800.4150390625,2.751
799.98779296875,799.1943359375,2.761
799.98779296875,800.4150390625,2.771
799.98779296875,799.8046875,2.781
799.98779296875,800.4150390625,2.791
799.98779296875,799.8046875,2.801
799.98779296875,799.8046875,2.811
799.98779296875,799.1943359375,2.821
799.98779296875,799.8046875,2.831
799.98779296875,799.8046875,2.841
799.98779296875,800.4150390625,2.851
799.98779296875,799.8046875,2.861
799.98779296875,799.8046875,2.871
799.98779296875,799.8046875,2.881
799.98779296875,799.8046875,2.891
799.98779296875,799.8046875,2.901
799.98779296875,799.1943359375,2.911
799.98779296875,800.96435546875,2.921
799.98779296875,799.8046875,2.931
799.98779296875,799.8046875,2.941
799.98779296875,799.8046875,2.951
799.98779296875,799.8046875,2.961
799.98779296875,799.8046875,2.971
799.98779296875,800.4150390625,2.981
799.98779296875,799.8046875,2.991
799.98779296875,800.4150390625,3.001
799.98779296875,799.8046875,3.011
799.98779296875,799.8046875,3.021
799.98779296875,800.4150390625,3.031
799.98779296875,799.8046875,3.041
799.98779296875,799.1943359375,3.051
799.98779296875,800.4150390625,3.061
799.98779296875,799.8046875,3.071
799.98779296875,800.4150390625,3.081
799.98779296875,800.4150390625,3.091
799.98779296875,799.8046875,3.101
799.98779296875,799.8046875,3.111
799.98779296875,799.8046875,3.121
799.98779296875,799.8046875,3.131
799.98779296875,800.4150390625,3.141
799.98779296875,800.4150390625,3.151
799.98779296875,799.8046875,3.161
799.98779296875,799.8046875,3.171
799.98779296875,800.4150390625,3.181
799.98779296875,799.8046875,3.191
799.98779296875,799.8046875,3.201
799.98779296875,800.4150390625,3.211
799.98779296875,800.4150390625,3.221
799.98779296875,799.8046875,3.231
799.98779296875,799.8046875,3.241
799.98779296875,800.4150390625,3.251
799.98779296875,800.4150390625,3.261
799.98779296875,799.1943359375,3.271
799.98779296875,800.4150390625,3.281
799.98779296875,799.8046875,3.291
799.98779296875,800.4150390625,3.301
799.98779296875,800.96435546875,3.311
799.98779296875,799.8046875,3.321
799.98779296875,799.8046875,3.331
799.98779296875,799.8046875,3.341
799.98779296875,799.8046875,3.351
799.98779296875,799.8046875,3.361
799.98779296875,800.96435546875,3.371
799.98779296875,799.8046875,3.381
799.98779296875,800.4150390625,3.391
799.98779296875,799.8046875,3.401
799.98779296875,799.8046875,3.411
799.98779296875,800.4150390625,3.421
799.98779296875,799.8046875,3.431
799.98779296875,800.4150390625,3.441
799.98779296875,800.4150390625,3.451
799.98779296875,799.8046875,3.461
799.98779296875,800.4150390625,3.471
799.98779296875,799.8046875,3.481
799.98779296875,799.8046875,3.491
799.98779296875,799.8046875,3.501
799.98779296875,799.8046875,3.511
799.98779296875,800.4150390625,3.521
799.98779296875,800.4150390625,3.531
799.98779296875,800.4150390625,3.541
799.98779296875,799.8046875,3.551
799.98779296875,799.8046875,3.561
799.98779296875,799.8046875,3.571
799.98779296875,799.8046875,3.581
799.98779296875,800.4150390625,3.591
799.98779296875,799.8046875,3.601
799.98779296875,800.4150390625,3.611
799.98779296875,799.8046875,3.621
799.98779296875,799.8046875,3.631
799.98779296875,799.8046875,3.641
799.98779296875,799.8046875,3.651
799.98779296875,799.8046875,3.661
799.98779296875,800.4150390625,3.671
799.98779296875,799.8046875,3.681
799.98779296875,800.4150390625,3.691
799.98779296875,799.8046875,3.701
799.98779296875,799.8046875,3.711
799.98779296875,799.8046875,3.721
799.98779296875,799.8046875,3.731
799.98779296875,799.8046875,3.741
799.98779296875,800.4150390625,3.751
799.98779296875,799.8046875,3.761
799.98779296875,799.8046875,3.771
799.98779296875,799.8046875,3.781
799.98779296875,799.8046875,3.791
799.98779296875,799.8046875,3.801
799.98779296875,799.8046875,3.811
799.98779296875,800.4150390625,3.821
799.98779296875,799.8046875,3.831
799.98779296875,799.8046875,3.841
799.98779296875,799.8046875,3.851
799.98779296875,799.8046875,3.861
799.98779296875,799.8046875,3.871
799.98779296875,799.8046875,3.881
799.98779296875,799.8046875,3.891
799.98779296875,798.583984375,3.9
799.98779296875,799.1943359375,3.91
799.98779296875,797.9736328125,3.92
799.98779296875,799.1943359375,3.93
799.98779296875,798.583984375,3.94
799.98779296875,798.583984375,3.95
799.98779296875,798.583984375,3.96
799.98779296875,799.8046875,3.97
799.98779296875,798.583984375,3.98
799.98779296875,798.583984375,3.99
799.98779296875,799.1943359375,4.0
799.98779296875,798.583984375,4.01
799.98779296875,799.1943359375,4.021
799.98779296875,799.1943359375,4.031
799.98779296875,799.1943359375,4.041
799.98779296875,799.1943359375,4.051
799.98779296875,799.8046875,4.061
799.98779296875,798.583984375,4.071
799.98779296875,799.1943359375,4.081
799.98779296875,799.1943359375,4.091
799.98779296875,799.1943359375,4.101
799.98779296875,799.1943359375,4.11
799.98779296875,799.8046875,4.12
799.98779296875,799.1943359375,4.13
799.98779296875,799.1943359375,4.14
799.98779296875,799.8046875,4.15
799.98779296875,799.1943359375,4.16
799.98779296875,799.1943359375,4.17
799.98779296875,800.4150390625,4.18
799.98779296875,799.8046875,4.19
799.98779296875,799.1943359375,4.20
799.98779296875,799.8046875,4.21
799.98779296875,799.8046875,4.22
799.98779296875,799.8046875,4.23
799.98779296875,798.583984375,4.24
799.98779296875,799.8046875,4.25
799.98779296875,799.8046875,4.26
799.98779296875,799.1943359375,4.27
799.98779296875,799.8046875,4.28
799.98779296875,799.8046875,4.29
799.98779296875,799.1943359375,4.3
799.98779296875,798.583984375,4.31
799.98779296875,798.583984375,4.32
799.98779296875,796.81396484375,4.33
799.98779296875,796.20361328125,4.34
799.98779296875,793.76220703125,4.35
799.98779296875,792.6025390625,4.36
799.98779296875,791.3818359375,4.37
799.98779296875,789.00146484375,4.38
799.98779296875,786.0107421875,4.39
799.98779296875,782.958984375,4.4
799.98779296875,781.18896484375,4.41
799.98779296875,777.587890625,4.42
799.98779296875,775.81787109375,4.43
799.98779296875,773.37646484375,4.441
799.98779296875,772.76611328125,4.451
799.98779296875,772.76611328125,4.461
799.98779296875,775.81787109375,4.471
799.98779296875,778.80859375,4.481
799.98779296875,781.79931640625,4.491
799.98779296875,785.400390625,4.501
799.98779296875,787.78076171875,4.511
799.98779296875,790.1611328125,4.521
799.98779296875,791.9921875,4.531
799.98779296875,793.76220703125,4.541
799.98779296875,794.98291015625,4.551
799.98779296875,794.98291015625,4.561
799.98779296875,794.98291015625,4.571
799.98779296875,794.98291015625,4.581
799.98779296875,794.98291015625,4.591
799.98779296875,795.59326171875,4.601
799.98779296875,794.98291015625,4.611
799.98779296875,795.59326171875,4.621
799.98779296875,795.59326171875,4.631
799.98779296875,794.98291015625,4.641
799.98779296875,794.98291015625,4.651
799.98779296875,796.20361328125,4.661
799.98779296875,796.20361328125,4.671
799.98779296875,796.20361328125,4.681
799.98779296875,795.59326171875,4.691
799.98779296875,796.20361328125,4.701
799.98779296875,796.81396484375,4.711
799.98779296875,796.20361328125,4.721
799.98779296875,796.81396484375,4.731
799.98779296875,796.20361328125,4.741
799.98779296875,797.36328125,4.75
799.98779296875,796.81396484375,4.761
799.98779296875,797.36328125,4.771
799.98779296875,796.81396484375,4.781
799.98779296875,796.81396484375,4.791
799.98779296875,796.81396484375,4.801
799.98779296875,797.36328125,4.811
799.98779296875,796.81396484375,4.821
799.98779296875,797.9736328125,4.831
799.98779296875,797.36328125,4.841
799.98779296875,797.9736328125,4.851
799.98779296875,797.36328125,4.861
799.98779296875,797.36328125,4.871
799.98779296875,797.36328125,4.881
799.98779296875,797.9736328125,4.891
799.98779296875,797.9736328125,4.901
799.98779296875,797.9736328125,4.911
799.98779296875,797.36328125,4.921
799.98779296875,797.36328125,4.931
799.98779296875,797.9736328125,4.941
799.98779296875,797.36328125,4.951
799.98779296875,797.9736328125,4.961
799.98779296875,797.9736328125,4.971
799.98779296875,797.36328125,4.981
799.98779296875,797.9736328125,4.991
799.98779296875,798.583984375,5.001
799.98779296875,797.36328125,5.011
799.98779296875,797.9736328125,5.021
799.98779296875,797.36328125,5.031
799.98779296875,798.583984375,5.041
799.98779296875,798.583984375,5.051
799.98779296875,797.9736328125,5.061
799.98779296875,798.583984375,5.071
799.98779296875,797.36328125,5.081
799.98779296875,798.583984375,5.091
799.98779296875,797.9736328125,5.101
799.98779296875,797.9736328125,5.11
799.98779296875,798.583984375,5.12
799.98779296875,798.583984375,5.131
799.98779296875,797.9736328125,5.141
799.98779296875,797.9736328125,5.151
799.98779296875,798.583984375,5.161
799.98779296875,798.583984375,5.171
799.98779296875,797.9736328125,5.181
799.98779296875,798.583984375,5.191
799.98779296875,799.1943359375,5.201
799.98779296875,799.8046875,5.211
799.98779296875,799.8046875,5.221
799.98779296875,799.8046875,5.231
799.98779296875,799.1943359375,5.241
799.98779296875,800.4150390625,5.251
799.98779296875,799.8046875,5.261
799.98779296875,800.4150390625,5.271
799.98779296875,799.1943359375,5.281
799.98779296875,799.8046875,5.291
799.98779296875,799.8046875,5.301
799.98779296875,799.1943359375,5.311
799.98779296875,799.8046875,5.321
799.98779296875,800.4150390625,5.331
799.98779296875,799.8046875,5.341
799.98779296875,799.1943359375,5.351
799.98779296875,799.1943359375,5.361
799.98779296875,799.8046875,5.371
799.98779296875,799.8046875,5.381
799.98779296875,799.8046875,5.391
799.98779296875,800.4150390625,5.401
799.98779296875,799.1943359375,5.411
799.98779296875,800.4150390625,5.421
799.98779296875,799.1943359375,5.431
799.98779296875,799.8046875,5.441
799.98779296875,799.1943359375,5.451
799.98779296875,799.8046875,5.461
799.98779296875,799.8046875,5.471
799.98779296875,799.8046875,5.481
799.98779296875,799.8046875,5.491
799.98779296875,799.8046875,5.501
799.98779296875,799.8046875,5.511
799.98779296875,799.1943359375,5.521
799.98779296875,799.8046875,5.531
799.98779296875,799.8046875,5.541
799.98779296875,800.4150390625,5.551
799.98779296875,800.4150390625,5.561
799.98779296875,799.1943359375,5.571
799.98779296875,799.8046875,5.581
799.98779296875,799.8046875,5.591
799.98779296875,799.8046875,5.601
799.98779296875,799.8046875,5.611
799.98779296875,799.8046875,5.621
799.98779296875,799.8046875,5.631
799.98779296875,799.8046875,5.641
799.98779296875,799.8046875,5.651
799.98779296875,799.8046875,5.661
799.98779296875,799.1943359375,5.671
799.98779296875,799.8046875,5.681
799.98779296875,800.4150390625,5.691
799.98779296875,799.8046875,5.701
799.98779296875,800.4150390625,5.711
799.98779296875,799.8046875,5.721
799.98779296875,799.8046875,5.731
799.98779296875,799.8046875,5.741
799.98779296875,799.8046875,5.751
799.98779296875,799.8046875,5.761
799.98779296875,799.8046875,5.771
799.98779296875,800.4150390625,5.781
799.98779296875,799.1943359375,5.791
799.98779296875,799.8046875,5.801
799.98779296875,799.8046875,5.811
799.98779296875,799.1943359375,5.821
799.98779296875,800.4150390625,5.831
799.98779296875,799.8046875,5.841
799.98779296875,799.8046875,5.851
799.98779296875,799.8046875,5.861
799.98779296875,800.4150390625,5.871
799.98779296875,799.8046875,5.881
799.98779296875,799.8046875,5.891
799.98779296875,799.8046875,5.901
799.98779296875,799.8046875,5.911
799.98779296875,799.1943359375,5.921
799.98779296875,800.4150390625,5.931
799.98779296875,799.8046875,5.941
799.98779296875,799.8046875,5.951
799.98779296875,799.1943359375,5.961
799.98779296875,799.1943359375,5.971
799.98779296875,799.8046875,5.981
799.98779296875,799.8046875,5.991
799.98779296875,800.4150390625,6.001
799.98779296875,799.8046875,6.011
799.98779296875,799.8046875,6.021
799.98779296875,799.8046875,6.031
799.98779296875,799.8046875,6.041
799.98779296875,799.8046875,6.051
799.98779296875,799.8046875,6.061
799.98779296875,799.8046875,6.071
799.98779296875,799.8046875,6.081
799.98779296875,799.8046875,6.091
799.98779296875,799.1943359375,6.101
799.98779296875,799.8046875,6.111
799.98779296875,799.8046875,6.121
799.98779296875,799.1943359375,6.131
799.98779296875,799.1943359375,6.141
799.98779296875,800.4150390625,6.151
799.98779296875,799.8046875,6.161
799.98779296875,799.8046875,6.171
799.98779296875,799.8046875,6.181
799.98779296875,799.8046875,6.191
799.98779296875,799.8046875,6.201
799.98779296875,800.4150390625,6.211
799.98779296875,800.4150390625,6.221
799.98779296875,799.1943359375,6.231
799.98779296875,799.8046875,6.241
799.98779296875,799.8046875,6.251
799.98779296875,799.8046875,6.261
799.98779296875,799.1943359375,6.271
799.98779296875,800.4150390625,6.281
799.98779296875,799.8046875,6.291
799.98779296875,799.8046875,6.301
799.98779296875,799.8046875,6.311
799.98779296875,800.4150390625,6.321
799.98779296875,799.8046875,6.331
799.98779296875,799.1943359375,6.341
799.98779296875,800.4150390625,6.351
799.98779296875,799.8046875,6.361
799.98779296875,799.8046875,6.371
799.98779296875,799.8046875,6.381
799.98779296875,800.4150390625,6.391
799.98779296875,799.1943359375,6.401
799.98779296875,799.8046875,6.411
799.98779296875,799.1943359375,6.421
799.98779296875,799.8046875,6.431
799.98779296875,800.96435546875,6.441
799.98779296875,799.8046875,6.451
799.98779296875,799.8046875,6.461
799.98779296875,799.8046875,6.471
799.98779296875,800.4150390625,6.481
799.98779296875,799.8046875,6.491
799.98779296875,799.8046875,6.501
799.98779296875,800.4150390625,6.511
799.98779296875,800.4150390625,6.521
799.98779296875,799.8046875,6.531
799.98779296875,799.1943359375,6.541
799.98779296875,800.4150390625,6.551
799.98779296875,799.8046875,6.561
799.98779296875,799.1943359375,6.571
799.98779296875,799.8046875,6.581
799.98779296875,799.1943359375,6.591
799.98779296875,799.8046875,6.601
799.98779296875,799.8046875,6.611
799.98779296875,798.583984375,6.621
799.98779296875,799.8046875,6.631
799.98779296875,799.1943359375,6.641
799.98779296875,799.8046875,6.651
799.98779296875,799.8046875,6.661
799.98779296875,799.8046875,6.671
799.98779296875,799.8046875,6.681
799.98779296875,799.1943359375,6.691
799.98779296875,799.1943359375,6.701
799.98779296875,799.8046875,6.711
799.98779296875,799.8046875,6.721
799.98779296875,799.8046875,6.731
799.98779296875,799.8046875,6.741
799.98779296875,799.8046875,6.751
799.98779296875,799.8046875,6.761
799.98779296875,799.8046875,6.771
799.98779296875,799.8046875,6.781
799.98779296875,799.1943359375,6.791
799.98779296875,799.8046875,6.801
799.98779296875,799.8046875,6.811
799.98779296875,799.8046875,6.821
799.98779296875,799.8046875,6.831
799.98779296875,799.8046875,6.841
799.98779296875,799.1943359375,6.851
799.98779296875,799.8046875,6.861
799.98779296875,799.1943359375,6.871
799.98779296875,800.4150390625,6.881
799.98779296875,797.36328125,6.891
799.98779296875,800.4150390625,6.901
799.98779296875,800.4150390625,6.911
799.98779296875,799.8046875,6.921
799.98779296875,799.1943359375,6.931
799.98779296875,799.8046875,6.941
799.98779296875,799.8046875,6.951
799.98779296875,799.8046875,6.961
799.98779296875,802.79541015625,6.971
799.98779296875,799.1943359375,6.981
799.98779296875,798.583984375,6.991
799.98779296875,800.4150390625,7.001
799.98779296875,799.8046875,7.011
799.98779296875,799.1943359375,7.021
799.98779296875,799.8046875,7.031
799.98779296875,800.4150390625,7.041
799.98779296875,800.4150390625,7.051
799.98779296875,799.8046875,7.061
799.98779296875,799.1943359375,7.071
799.98779296875,800.4150390625,7.081
799.98779296875,799.1943359375,7.091
799.98779296875,799.8046875,7.101
799.98779296875,800.4150390625,7.111
799.98779296875,799.8046875,7.121
799.98779296875,799.8046875,7.131
799.98779296875,799.1943359375,7.141
799.98779296875,799.8046875,7.151
799.98779296875,799.8046875,7.161
799.98779296875,799.1943359375,7.171
799.98779296875,800.4150390625,7.181
799.98779296875,799.8046875,7.191
799.98779296875,799.8046875,7.201
799.98779296875,800.4150390625,7.211
799.98779296875,800.4150390625,7.221
799.98779296875,800.4150390625,7.231
799.98779296875,800.4150390625,7.241
799.98779296875,800.4150390625,7.251
799.98779296875,800.4150390625,7.261
799.98779296875,800.96435546875,7.271
799.98779296875,800.4150390625,7.281
799.98779296875,799.8046875,7.291
799.98779296875,800.4150390625,7.301
799.98779296875,799.8046875,7.311
799.98779296875,800.4150390625,7.321
799.98779296875,800.4150390625,7.331
799.98779296875,800.4150390625,7.341
799.98779296875,800.4150390625,7.351
799.98779296875,800.4150390625,7.361
799.98779296875,799.8046875,7.371
799.98779296875,800.4150390625,7.381
799.98779296875,800.4150390625,7.391
799.98779296875,799.8046875,7.401
799.98779296875,799.8046875,7.411
799.98779296875,800.4150390625,7.421
799.98779296875,799.8046875,7.431
799.98779296875,800.4150390625,7.441
799.98779296875,799.8046875,7.451
799.98779296875,799.8046875,7.461
799.98779296875,799.8046875,7.471
799.98779296875,800.4150390625,7.481
799.98779296875,800.4150390625,7.491
799.98779296875,800.4150390625,7.501
799.98779296875,800.4150390625,7.511
799.98779296875,799.8046875,7.521
799.98779296875,799.8046875,7.531
799.98779296875,799.8046875,7.541
799.98779296875,800.4150390625,7.551
799.98779296875,800.4150390625,7.561
799.98779296875,799.8046875,7.571
799.98779296875,800.4150390625,7.581
799.98779296875,799.8046875,7.591
799.98779296875,799.1943359375,7.601
799.98779296875,800.4150390625,7.611
799.98779296875,799.8046875,7.621
799.98779296875,799.8046875,7.631
799.98779296875,800.4150390625,7.641
799.98779296875,799.8046875,7.651
799.98779296875,799.8046875,7.661
799.98779296875,800.4150390625,7.671
799.98779296875,799.8046875,7.681
799.98779296875,799.8046875,7.691
799.98779296875,799.8046875,7.701
799.98779296875,800.4150390625,7.711
799.98779296875,799.8046875,7.721
799.98779296875,800.4150390625,7.731
799.98779296875,799.8046875,7.741
799.98779296875,799.8046875,7.751
799.98779296875,800.4150390625,7.761
799.98779296875,799.8046875,7.771
799.98779296875,800.4150390625,7.781
799.98779296875,800.4150390625,7.791
799.98779296875,799.8046875,7.801
799.98779296875,800.4150390625,7.811
799.98779296875,799.8046875,7.821
799.98779296875,800.4150390625,7.831
799.98779296875,799.8046875,7.841
799.98779296875,799.8046875,7.851
799.98779296875,800.4150390625,7.861
799.98779296875,800.4150390625,7.871
799.98779296875,799.8046875,7.881
799.98779296875,800.4150390625,7.891
799.98779296875,799.8046875,7.901
799.98779296875,799.8046875,7.911
799.98779296875,799.8046875,7.921
799.98779296875,799.8046875,7.931
799.98779296875,800.4150390625,7.941
799.98779296875,800.96435546875,7.951
799.98779296875,799.8046875,7.961
799.98779296875,799.1943359375,7.971
799.98779296875,799.8046875,7.981
799.98779296875,799.8046875,7.991
799.98779296875,799.8046875,8.001
799.98779296875,800.4150390625,8.011
799.98779296875,797.36328125,8.021
799.98779296875,799.8046875,8.031
799.98779296875,800.4150390625,8.041
799.98779296875,799.8046875,8.051
799.98779296875,799.8046875,8.061
799.98779296875,799.8046875,8.071
799.98779296875,800.4150390625,8.081
799.98779296875,802.79541015625,8.091
799.98779296875,799.8046875,8.101
799.98779296875,799.8046875,8.111
799.98779296875,800.4150390625,8.121
799.98779296875,800.4150390625,8.131
799.98779296875,799.8046875,8.141
799.98779296875,799.8046875,8.151
799.98779296875,800.4150390625,8.161
799.98779296875,800.4150390625,8.171
799.98779296875,799.8046875,8.181
799.98779296875,799.8046875,8.191
799.98779296875,799.8046875,8.201
799.98779296875,799.8046875,8.211
799.98779296875,799.8046875,8.221
799.98779296875,800.4150390625,8.231
799.98779296875,797.9736328125,8.241
799.98779296875,800.4150390625,8.251
799.98779296875,800.4150390625,8.261
799.98779296875,799.8046875,8.271
799.98779296875,799.8046875,8.281
799.98779296875,799.8046875,8.291
799.98779296875,801.57470703125,8.301
799.98779296875,800.96435546875,8.311
799.98779296875,803.40576171875,8.321
799.98779296875,800.96435546875,8.331
799.98779296875,800.96435546875,8.341
799.98779296875,800.96435546875,8.351
799.98779296875,800.4150390625,8.361
799.98779296875,800.96435546875,8.371
799.98779296875,800.4150390625,8.381
799.98779296875,800.4150390625,8.391
799.98779296875,801.57470703125,8.401
799.98779296875,800.4150390625,8.411
799.98779296875,800.4150390625,8.421
799.98779296875,800.96435546875,8.431
799.98779296875,800.4150390625,8.441
799.98779296875,800.4150390625,8.451
799.98779296875,800.4150390625,8.461
799.98779296875,800.4150390625,8.471
799.98779296875,800.96435546875,8.481
799.98779296875,800.4150390625,8.491
799.98779296875,800.4150390625,8.501
799.98779296875,799.8046875,8.511
799.98779296875,800.4150390625,8.521
799.98779296875,799.8046875,8.531
799.98779296875,800.4150390625,8.541
799.98779296875,800.4150390625,8.551
799.98779296875,800.4150390625,8.561
799.98779296875,800.4150390625,8.571
799.98779296875,799.8046875,8.581
799.98779296875,800.4150390625,8.591
799.98779296875,800.4150390625,8.601
799.98779296875,799.8046875,8.611
799.98779296875,799.8046875,8.621
799.98779296875,800.4150390625,8.631
799.98779296875,800.4150390625,8.641
799.98779296875,799.8046875,8.651
799.98779296875,800.4150390625,8.661
799.98779296875,799.1943359375,8.671
799.98779296875,799.8046875,8.681
799.98779296875,800.4150390625,8.691
799.98779296875,799.8046875,8.70
799.98779296875,800.4150390625,8.71
799.98779296875,800.4150390625,8.72
799.98779296875,799.1943359375,8.73
799.98779296875,799.8046875,8.74
799.98779296875,799.8046875,8.75
799.98779296875,799.8046875,8.76
799.98779296875,800.4150390625,8.77
799.98779296875,799.8046875,8.78
799.98779296875,799.8046875,8.79
799.98779296875,799.8046875,8.80
799.98779296875,800.4150390625,8.801
799.98779296875,799.8046875,8.811
799.98779296875,803.40576171875,8.821
799.98779296875,800.4150390625,8.831
799.98779296875,801.57470703125,8.841
799.98779296875,803.40576171875,8.851
799.98779296875,804.01611328125,8.861
799.98779296875,805.17578125,8.871
799.98779296875,807.0068359375,8.881
799.98779296875,807.0068359375,8.891
799.98779296875,808.16650390625,8.901
799.98779296875,808.16650390625,8.911
799.98779296875,808.77685546875,8.921
799.98779296875,809.38720703125,8.931
799.98779296875,809.99755859375,8.941
799.98779296875,810.60791015625,8.951
799.98779296875,810.60791015625,8.961
799.98779296875,811.767578125,8.971
799.98779296875,811.767578125,8.981
799.98779296875,811.21826171875,8.991
799.98779296875,812.3779296875,9.001
799.98779296875,812.3779296875,9.011
799.98779296875,811.767578125,9.021
799.98779296875,811.767578125,9.031
799.98779296875,812.98828125,9.041
799.98779296875,812.3779296875,9.051
799.98779296875,812.3779296875,9.061
799.98779296875,812.3779296875,9.071
799.98779296875,811.767578125,9.081
799.98779296875,811.767578125,9.091
799.98779296875,811.767578125,9.101
799.98779296875,808.77685546875,9.11
799.98779296875,812.98828125,9.121
799.98779296875,811.21826171875,9.131
799.98779296875,811.21826171875,9.141
799.98779296875,810.60791015625,9.151
799.98779296875,809.99755859375,9.161
799.98779296875,810.60791015625,9.171
799.98779296875,809.99755859375,9.181
799.98779296875,812.3779296875,9.191
799.98779296875,809.38720703125,9.201
799.98779296875,808.77685546875,9.211
799.98779296875,808.77685546875,9.221
799.98779296875,808.77685546875,9.231
799.98779296875,808.16650390625,9.241
799.98779296875,807.6171875,9.251
799.98779296875,808.16650390625,9.261
799.98779296875,808.16650390625,9.271
799.98779296875,807.6171875,9.281
799.98779296875,807.0068359375,9.291
799.98779296875,806.396484375,9.301
799.98779296875,806.396484375,9.311
799.98779296875,806.396484375,9.321
799.98779296875,805.7861328125,9.331
799.98779296875,806.396484375,9.341
799.98779296875,805.7861328125,9.351
799.98779296875,805.17578125,9.361
799.98779296875,805.17578125,9.371
799.98779296875,804.5654296875,9.381
799.98779296875,804.5654296875,9.391
799.98779296875,804.5654296875,9.401
799.98779296875,804.01611328125,9.41
799.98779296875,804.01611328125,9.421
799.98779296875,804.01611328125,9.431
799.98779296875,803.40576171875,9.441
799.98779296875,803.40576171875,9.451
799.98779296875,802.79541015625,9.461
799.98779296875,802.79541015625,9.471
799.98779296875,802.79541015625,9.481
799.98779296875,803.40576171875,9.491
799.98779296875,802.18505859375,9.501
799.98779296875,802.79541015625,9.511
799.98779296875,801.57470703125,9.521
799.98779296875,801.57470703125,9.531
799.98779296875,802.18505859375,9.541
799.98779296875,801.57470703125,9.551
799.98779296875,799.8046875,9.561
799.98779296875,802.18505859375,9.571
799.98779296875,801.57470703125,9.581
799.98779296875,801.57470703125,9.591
799.98779296875,799.8046875,9.601
799.98779296875,799.8046875,9.611
799.98779296875,799.8046875,9.621
799.98779296875,800.4150390625,9.631
799.98779296875,799.1943359375,9.641
799.98779296875,799.8046875,9.651
799.98779296875,800.4150390625,9.661
799.98779296875,800.4150390625,9.671
799.98779296875,799.8046875,9.681
799.98779296875,800.4150390625,9.691
799.98779296875,799.8046875,9.701
799.98779296875,799.8046875,9.711
799.98779296875,799.8046875,9.721
799.98779296875,800.4150390625,9.731
799.98779296875,800.4150390625,9.741
799.98779296875,799.8046875,9.751
799.98779296875,800.4150390625,9.761
799.98779296875,799.8046875,9.771
799.98779296875,799.8046875,9.781
799.98779296875,800.4150390625,9.791
799.98779296875,799.8046875,9.801
799.98779296875,800.4150390625,9.811
799.98779296875,800.4150390625,9.821
799.98779296875,800.4150390625,9.831
799.98779296875,799.8046875,9.841
799.98779296875,799.8046875,9.851
799.98779296875,799.8046875,9.861
799.98779296875,799.8046875,9.871
799.98779296875,800.4150390625,9.881
799.98779296875,799.8046875,9.891
799.98779296875,800.4150390625,9.901
799.98779296875,799.8046875,9.911
799.98779296875,799.8046875,9.921
799.98779296875,799.8046875,9.931
799.98779296875,799.8046875,9.941
799.98779296875,799.8046875,9.951
799.98779296875,800.4150390625,9.961
799.98779296875,800.4150390625,9.971
799.98779296875,799.8046875,9.981
799.98779296875,799.8046875,9.991
799.98779296875,799.8046875,10.001
799.98779296875,800.4150390625,10.011
799.98779296875,799.8046875,10.021
799.98779296875,800.4150390625,10.031
799.98779296875,799.8046875,10.041
799.98779296875,800.4150390625,10.051
799.98779296875,799.8046875,10.061
799.98779296875,799.8046875,10.071
799.98779296875,799.8046875,10.081
799.98779296875,799.8046875,10.091
799.98779296875,800.4150390625,10.101
799.98779296875,799.8046875,10.111
799.98779296875,800.4150390625,10.121
799.98779296875,800.4150390625,10.131
799.98779296875,799.8046875,10.141
799.98779296875,800.4150390625,10.151
799.98779296875,799.1943359375,10.161
799.98779296875,800.4150390625,10.171
799.98779296875,800.4150390625,10.181
799.98779296875,800.4150390625,10.191
799.98779296875,799.8046875,10.201
799.98779296875,799.8046875,10.211
799.98779296875,800.4150390625,10.221
799.98779296875,799.8046875,10.231
799.98779296875,799.8046875,10.241
799.98779296875,800.4150390625,10.251
799.98779296875,800.4150390625,10.261
799.98779296875,799.8046875,10.271
799.98779296875,800.4150390625,10.281
799.98779296875,799.8046875,10.291
799.98779296875,800.4150390625,10.301
799.98779296875,799.8046875,10.311
799.98779296875,799.8046875,10.321
799.98779296875,800.4150390625,10.331
799.98779296875,800.4150390625,10.341
799.98779296875,799.8046875,10.351
799.98779296875,800.4150390625,10.361
799.98779296875,799.8046875,10.371
799.98779296875,799.8046875,10.381
799.98779296875,799.8046875,10.391
799.98779296875,800.4150390625,10.401
799.98779296875,799.8046875,10.411
799.98779296875,800.4150390625,10.421
799.98779296875,800.4150390625,10.431
799.98779296875,799.1943359375,10.441
799.98779296875,799.8046875,10.451
799.98779296875,799.8046875,10.461
799.98779296875,800.4150390625,10.471
799.98779296875,799.8046875,10.481
799.98779296875,799.8046875,10.491
799.98779296875,799.8046875,10.501
799.98779296875,799.8046875,10.511
799.98779296875,799.8046875,10.521
799.98779296875,800.4150390625,10.531
799.98779296875,799.1943359375,10.541
799.98779296875,799.8046875,10.551
799.98779296875,800.4150390625,10.561
799.98779296875,799.8046875,10.571
799.98779296875,800.4150390625,10.581
799.98779296875,800.4150390625,10.591
799.98779296875,799.1943359375,10.601
799.98779296875,799.8046875,10.611
799.98779296875,799.8046875,10.621
799.98779296875,800.4150390625,10.631
799.98779296875,800.4150390625,10.641
799.98779296875,799.8046875,10.651
799.98779296875,799.8046875,10.661
799.98779296875,799.8046875,10.671
799.98779296875,799.1943359375,10.681
799.98779296875,799.8046875,10.691
799.98779296875,799.8046875,10.701
799.98779296875,800.4150390625,10.711
799.98779296875,799.8046875,10.721
799.98779296875,800.4150390625,10.731
799.98779296875,799.8046875,10.741
799.98779296875,800.4150390625,10.751
799.98779296875,799.1943359375,10.761
799.98779296875,800.4150390625,10.771
799.98779296875,799.8046875,10.781
799.98779296875,800.4150390625,10.791
799.98779296875,799.8046875,10.801
799.98779296875,799.8046875,10.811
799.98779296875,800.4150390625,10.821
799.98779296875,799.1943359375,10.831
799.98779296875,799.8046875,10.841
799.98779296875,799.8046875,10.851
799.98779296875,800.4150390625,10.861
799.98779296875,800.4150390625,10.871
799.98779296875,799.8046875,10.881
799.98779296875,799.8046875,10.891
799.98779296875,799.8046875,10.901
799.98779296875,799.8046875,10.911
799.98779296875,800.4150390625,10.921
799.98779296875,800.4150390625,10.931
799.98779296875,799.8046875,10.941
799.98779296875,799.8046875,10.951
799.98779296875,800.4150390625,10.961
799.98779296875,799.8046875,10.971
799.98779296875,799.8046875,10.981
799.98779296875,799.8046875,10.991
799.98779296875,799.8046875,11.001
799.98779296875,800.4150390625,11.011
799.98779296875,799.8046875,11.021
799.98779296875,800.4150390625,11.031
799.98779296875,799.8046875,11.041
799.98779296875,799.8046875,11.051
799.98779296875,799.1943359375,11.061
799.98779296875,800.4150390625,11.071
799.98779296875,799.8046875,11.081
799.98779296875,800.4150390625,11.091
799.98779296875,799.8046875,11.101
799.98779296875,800.4150390625,11.111
799.98779296875,799.8046875,11.121
799.98779296875,799.8046875,11.131
799.98779296875,799.8046875,11.141
799.98779296875,799.8046875,11.151
799.98779296875,800.4150390625,11.161
799.98779296875,800.4150390625,11.171
799.98779296875,799.8046875,11.181
799.98779296875,799.8046875,11.191
799.98779296875,800.4150390625,11.201
799.98779296875,799.8046875,11.211
799.98779296875,800.4150390625,11.221
799.98779296875,799.8046875,11.231
799.98779296875,800.4150390625,11.241
799.98779296875,800.4150390625,11.251
799.98779296875,799.8046875,11.261
799.98779296875,799.8046875,11.271
799.98779296875,799.8046875,11.281
799.98779296875,800.4150390625,11.291
799.98779296875,800.4150390625,11.301
799.98779296875,800.4150390625,11.311
799.98779296875,799.8046875,11.321
799.98779296875,800.4150390625,11.331
799.98779296875,799.8046875,11.341
799.98779296875,799.8046875,11.351
799.98779296875,800.4150390625,11.361
799.98779296875,800.4150390625,11.371
799.98779296875,800.4150390625,11.381
799.98779296875,799.8046875,11.391
799.98779296875,799.8046875,11.401
799.98779296875,800.4150390625,11.411
799.98779296875,799.8046875,11.421
799.98779296875,799.8046875,11.431
799.98779296875,799.8046875,11.441
799.98779296875,800.4150390625,11.451
799.98779296875,799.8046875,11.461
799.98779296875,800.4150390625,11.471
799.98779296875,800.4150390625,11.481
799.98779296875,799.8046875,11.491
799.98779296875,799.8046875,11.501
799.98779296875,799.8046875,11.511
799.98779296875,800.4150390625,11.521
799.98779296875,800.4150390625,11.531
799.98779296875,800.4150390625,11.541
799.98779296875,799.8046875,11.551
799.98779296875,799.8046875,11.561
799.98779296875,799.8046875,11.571
799.98779296875,799.8046875,11.581
799.98779296875,799.8046875,11.591
799.98779296875,800.4150390625,11.601
799.98779296875,799.1943359375,11.611
799.98779296875,799.8046875,11.621
799.98779296875,799.8046875,11.631
799.98779296875,799.1943359375,11.641
799.98779296875,799.1943359375,11.651
799.98779296875,799.8046875,11.661
799.98779296875,799.8046875,11.671
799.98779296875,799.1943359375,11.681
799.98779296875,799.8046875,11.691
799.98779296875,799.8046875,11.701
799.98779296875,799.1943359375,11.711
799.98779296875,799.8046875,11.721
799.98779296875,799.1943359375,11.731
799.98779296875,799.1943359375,11.741
799.98779296875,800.4150390625,11.751
799.98779296875,799.8046875,11.761
799.98779296875,799.1943359375,11.771
799.98779296875,799.8046875,11.781
799.98779296875,799.1943359375,11.791
799.98779296875,799.8046875,11.801
799.98779296875,799.8046875,11.811
799.98779296875,799.8046875,11.821
799.98779296875,799.8046875,11.831
799.98779296875,799.8046875,11.841
799.98779296875,799.1943359375,11.851
799.98779296875,799.8046875,11.861
799.98779296875,799.8046875,11.871
799.98779296875,799.1943359375,11.881
799.98779296875,799.8046875,11.891
799.98779296875,800.4150390625,11.901
799.98779296875,799.8046875,11.911
799.98779296875,799.8046875,11.921
799.98779296875,799.8046875,11.931
799.98779296875,799.1943359375,11.941
799.98779296875,799.8046875,11.951
799.98779296875,799.1943359375,11.961
799.98779296875,800.4150390625,11.971
799.98779296875,799.8046875,11.981
799.98779296875,799.8046875,11.991
799.98779296875,799.8046875,12.001
799.98779296875,799.8046875,12.011
799.98779296875,799.1943359375,12.021
799.98779296875,799.8046875,12.031
799.98779296875,799.8046875,12.041
799.98779296875,799.8046875,12.051
799.98779296875,799.8046875,12.061
799.98779296875,800.4150390625,12.071
799.98779296875,799.1943359375,12.081
799.98779296875,800.4150390625,12.091
799.98779296875,799.1943359375,12.101
799.98779296875,799.8046875,12.111
799.98779296875,800.4150390625,12.121
799.98779296875,799.8046875,12.131
799.98779296875,800.4150390625,12.141
799.98779296875,799.8046875,12.151
799.98779296875,799.8046875,12.161
799.98779296875,799.8046875,12.171
799.98779296875,799.8046875,12.181
799.98779296875,799.1943359375,12.191
799.98779296875,798.583984375,12.201
799.98779296875,800.4150390625,12.211
799.98779296875,800.4150390625,12.221
799.98779296875,799.8046875,12.231
799.98779296875,800.4150390625,12.241
799.98779296875,799.8046875,12.251
799.98779296875,800.4150390625,12.261
799.98779296875,802.79541015625,12.271
799.98779296875,800.4150390625,12.281
799.98779296875,799.8046875,12.291
799.98779296875,800.4150390625,12.301
799.98779296875,800.96435546875,12.311
799.98779296875,799.8046875,12.321
799.98779296875,800.4150390625,12.331
799.98779296875,800.4150390625,12.341
799.98779296875,800.96435546875,12.351
799.98779296875,800.4150390625,12.361
799.98779296875,800.96435546875,12.371
799.98779296875,800.4150390625,12.381
799.98779296875,799.8046875,12.391
799.98779296875,800.4150390625,12.401
799.98779296875,800.4150390625,12.411
799.98779296875,800.96435546875,12.421
799.98779296875,800.4150390625,12.431
799.98779296875,800.4150390625,12.441
799.98779296875,800.4150390625,12.451
799.98779296875,800.4150390625,12.461
799.98779296875,799.8046875,12.471
799.98779296875,800.4150390625,12.481
799.98779296875,800.4150390625,12.491
799.98779296875,800.4150390625,12.501
799.98779296875,800.4150390625,12.511
799.98779296875,800.4150390625,12.521
799.98779296875,799.8046875,12.531
799.98779296875,800.4150390625,12.541
799.98779296875,800.4150390625,12.551
799.98779296875,799.8046875,12.561
799.98779296875,799.8046875,12.571
799.98779296875,800.4150390625,12.581
799.98779296875,800.4150390625,12.591
799.98779296875,800.4150390625,12.601
799.98779296875,799.8046875,12.611
799.98779296875,799.8046875,12.621
799.98779296875,799.8046875,12.631
799.98779296875,800.4150390625,12.641
799.98779296875,800.4150390625,12.651
799.98779296875,800.4150390625,12.661
799.98779296875,799.8046875,12.671
799.98779296875,799.8046875,12.681
799.98779296875,800.4150390625,12.691
799.98779296875,799.8046875,12.701
799.98779296875,799.8046875,12.711
799.98779296875,800.4150390625,12.721
799.98779296875,799.8046875,12.731
799.98779296875,800.4150390625,12.741
799.98779296875,799.8046875,12.751
799.98779296875,799.8046875,12.761
799.98779296875,799.8046875,12.771
799.98779296875,799.8046875,12.781
799.98779296875,799.8046875,12.791
799.98779296875,799.8046875,12.801
799.98779296875,799.8046875,12.811
799.98779296875,800.4150390625,12.821
799.98779296875,799.8046875,12.831
799.98779296875,799.8046875,12.841
799.98779296875,799.8046875,12.851
799.98779296875,799.1943359375,12.861
799.98779296875,800.4150390625,12.871
799.98779296875,799.8046875,12.881
799.98779296875,799.8046875,12.891
799.98779296875,799.1943359375,12.901
799.98779296875,799.8046875,12.911
799.98779296875,799.8046875,12.921
799.98779296875,799.8046875,12.931
799.98779296875,799.1943359375,12.941
799.98779296875,799.8046875,12.951
799.98779296875,799.8046875,12.961
799.98779296875,799.8046875,12.971
799.98779296875,799.1943359375,12.981
799.98779296875,799.8046875,12.991
799.98779296875,799.1943359375,13.001
799.98779296875,799.1943359375,13.011
