0.0,7.75146484375,0.0
0.06103515625,2.99072265625,0.01
0.3662109375,3.5400390625,0.02
0.8544921875,2.38037109375,0.03
1.5869140625,0.0,0.04
2.50244140625,-1.220703125,0.05
3.60107421875,-1.220703125,0.06
4.8828125,-0.6103515625,0.07
6.34765625,-0.6103515625,0.08
8.056640625,0.0,0.09
10.009765625,0.54931640625,0.1
12.0849609375,0.0,0.11
14.404296875,0.0,0.12
16.90673828125,0.54931640625,0.13
19.59228515625,2.38037109375,0.14
22.4609375,2.99072265625,0.15
25.57373046875,5.9814453125,0.16
28.86962890625,9.58251953125,0.17
32.40966796875,13.18359375,0.18
36.07177734375,16.17431640625,0.19
39.97802734375,20.3857421875,0.2
44.0673828125,23.37646484375,0.21
48.40087890625,26.9775390625,0.22
52.91748046875,31.18896484375,0.23
57.6171875,35.94970703125,0.24
62.5,40.771484375,0.25
67.626953125,45.59326171875,0.26
72.8759765625,49.74365234375,0.27
78.369140625,53.3447265625,0.28
84.1064453125,58.16650390625,0.29
90.02685546875,64.75830078125,0.3
96.13037109375,72.57080078125,0.31
102.4169921875,77.94189453125,0.32
108.88671875,81.54296875,0.33
115.6005859375,88.19580078125,0.34
122.49755859375,93.56689453125,0.35
129.57763671875,98.9990234375,0.36
136.90185546875,107.36083984375,0.37
144.4091796875,115.17333984375,0.38
152.099609375,121.76513671875,0.39
160.0341796875,126.5869140625,0.4
168.0908203125,138.671875,0.41
176.3916015625,142.15087890625,0.42
184.9365234375,148.193359375,0.43
193.603515625,155.94482421875,0.44
202.5146484375,166.19873046875,0.45
211.60888671875,175.1708984375,0.46
220.88623046875,181.15234375,0.47
230.40771484375,188.96484375,0.48
240.1123046875,200.37841796875,0.49
250.0,209.3505859375,0.5
260.1318359375,216.552734375,0.51
270.3857421875,226.1962890625,0.52
280.94482421875,236.99951171875,0.53
291.6259765625,245.9716796875,0.54
302.490234375,255.0048828125,0.55
313.5986328125,266.357421875,0.56
324.89013671875,276.55029296875,0.57
336.42578125,286.19384765625,0.58
348.14453125,296.9970703125,0.59
360.04638671875,308.349609375,0.6
372.13134765625,318.603515625,0.61
384.3994140625,329.9560546875,0.62
396.91162109375,342.59033203125,0.63
409.5458984375,353.3935546875,0.64
421.9970703125,364.19677734375,0.65
434.26513671875,379.150390625,0.66
446.2890625,388.18359375,0.67
458.1298828125,398.98681640625,0.68
469.78759765625,410.94970703125,0.69
481.26220703125,423.583984375,0.7
492.49267578125,434.38720703125,0.71
503.5400390625,444.580078125,0.72
514.404296875,455.38330078125,0.73
525.08544921875,467.95654296875,0.74
535.5224609375,478.21044921875,0.75
545.7763671875,487.79296875,0.76
555.84716796875,498.59619140625,0.77
565.673828125,510.009765625,0.78
575.3173828125,518.98193359375,0.79
584.77783203125,529.1748046875,0.8
594.05517578125,538.75732421875,0.81
603.08837890625,549.01123046875,0.82
611.9384765625,557.9833984375,0.83
620.60546875,566.95556640625,0.84
629.08935546875,577.20947265625,0.85
637.3291015625,585.5712890625,0.86
645.3857421875,593.994140625,0.87
653.25927734375,603.57666015625,0.88
660.888671875,611.38916015625,0.89
668.3349609375,619.81201171875,0.9
675.59814453125,628.7841796875,0.91
682.67822265625,635.986328125,0.92
689.51416015625,643.1884765625,0.93
696.1669921875,651.0009765625,0.94
702.63671875,658.203125,0.95
708.8623046875,666.56494140625,0.96
714.90478515625,672.607421875,0.97
720.76416015625,679.19921875,0.98
726.4404296875,687.01171875,0.99
731.87255859375,692.9931640625,1.0
737.12158203125,698.974609375,1.01
742.1875,705.01708984375,1.02
747.0703125,711.60888671875,1.03
751.708984375,716.36962890625,1.04
756.16455078125,722.412109375,1.05
760.43701171875,727.783203125,1.06
764.46533203125,733.21533203125,1.07
768.310546875,737.97607421875,1.08
771.97265625,742.1875,1.09
775.45166015625,746.39892578125,1.1
778.6865234375,751.15966796875,1.11
781.73828125,755.9814453125,1.12
784.60693359375,758.97216796875,1.13
787.29248046875,763.18359375,1.14
789.73388671875,766.78466796875,1.15
791.9921875,769.775390625,1.16
794.00634765625,773.37646484375,1.17
795.8984375,776.3671875,1.18
797.54638671875,778.80859375,1.19
799.01123046875,781.18896484375,1.2
800.23193359375,783.5693359375,1.21
801.33056640625,786.0107421875,1.22
802.18505859375,788.39111328125,1.23
802.79541015625,790.1611328125,1.24
803.28369140625,791.3818359375,1.25
803.52783203125,792.6025390625,1.26
803.5888671875,794.37255859375,1.27
803.40576171875,794.37255859375,1.28
803.1005859375,795.59326171875,1.29
802.55126953125,797.36328125,1.3
801.81884765625,796.20361328125,1.31
801.025390625,797.36328125,1.32
800.4150390625,796.81396484375,1.33
799.98779296875,796.81396484375,1.34
799.8046875,797.36328125,1.35
799.74365234375,796.81396484375,1.36
799.9267578125,797.36328125,1.37
799.98779296875,797.36328125,1.38
799.98779296875,797.9736328125,1.39
799.98779296875,798.583984375,1.4
799.98779296875,797.9736328125,1.41
799.98779296875,797.9736328125,1.42
799.98779296875,798.583984375,1.43
799.98779296875,798.583984375,1.44
799.98779296875,796.20361328125,1.45
799.98779296875,799.1943359375,1.46
799.98779296875,799.8046875,1.47
799.98779296875,799.1943359375,1.48
799.98779296875,798.583984375,1.49
799.98779296875,799.1943359375,1.5
799.98779296875,799.1943359375,1.51
799.98779296875,799.1943359375,1.52
799.98779296875,802.18505859375,1.53
799.98779296875,799.1943359375,1.54
799.98779296875,798.583984375,1.55
799.98779296875,799.8046875,1.56
799.98779296875,799.8046875,1.57
799.98779296875,799.8046875,1.58
799.98779296875,799.1943359375,1.59
799.98779296875,800.4150390625,1.6
799.98779296875,799.8046875,1.61
799.98779296875,799.1943359375,1.62
799.98779296875,800.4150390625,1.63
799.98779296875,799.1943359375,1.64
799.98779296875,799.1943359375,1.65
799.98779296875,799.8046875,1.66
799.98779296875,799.8046875,1.67
799.98779296875,799.8046875,1.68
799.98779296875,800.4150390625,1.69
799.98779296875,799.8046875,1.7
799.98779296875,799.8046875,1.71
799.98779296875,799.8046875,1.72
799.98779296875,799.1943359375,1.73
799.98779296875,800.4150390625,1.74
799.98779296875,799.8046875,1.75
799.98779296875,799.8046875,1.76
799.98779296875,800.4150390625,1.77
799.98779296875,799.1943359375,1.78
799.98779296875,799.8046875,1.79
799.98779296875,799.8046875,1.8
799.98779296875,799.8046875,1.81
799.98779296875,799.8046875,1.82
799.98779296875,800.4150390625,1.83
799.98779296875,799.8046875,1.84
799.98779296875,799.8046875,1.85
799.98779296875,800.4150390625,1.86
799.98779296875,799.8046875,1.87
799.98779296875,799.8046875,1.88
799.98779296875,799.8046875,1.89
799.98779296875,800.4150390625,1.9
799.98779296875,799.8046875,1.91
799.98779296875,800.4150390625,1.92
799.98779296875,799.1943359375,1.93
799.98779296875,800.4150390625,1.94
799.98779296875,799.1943359375,1.95
799.98779296875,800.4150390625,1.96
799.98779296875,799.8046875,1.97
799.98779296875,800.4150390625,1.98
799.98779296875,800.4150390625,1.99
799.98779296875,799.8046875,2.0
799.98779296875,799.8046875,2.01
799.98779296875,800.4150390625,2.02
799.98779296875,799.8046875,2.03
799.98779296875,799.8046875,2.04
799.98779296875,799.8046875,2.05
799.98779296875,800.4150390625,2.06
799.98779296875,799.8046875,2.07
799.98779296875,800.4150390625,2.08
799.98779296875,799.8046875,2.09
799.98779296875,799.1943359375,2.1
799.98779296875,799.8046875,2.11
799.98779296875,799.8046875,2.12
799.98779296875,800.4150390625,2.13
799.98779296875,800.4150390625,2.14
799.98779296875,800.4150390625,2.15
799.98779296875,799.8046875,2.16
799.98779296875,799.8046875,2.17
799.98779296875,799.1943359375,2.18
799.98779296875,800.4150390625,2.19
799.98779296875,800.4150390625,2.2
799.98779296875,799.8046875,2.21
799.98779296875,799.8046875,2.22
799.98779296875,800.4150390625,2.23
799.98779296875,799.8046875,2.24
799.98779296875,799.8046875,2.25
799.98779296875,799.1943359375,2.26
799.98779296875,800.4150390625,2.27
799.98779296875,799.8046875,2.28
799.98779296875,800.4150390625,2.29
799.98779296875,800.4150390625,2.3
799.98779296875,799.8046875,2.31
799.98779296875,799.8046875,2.32
799.98779296875,799.8046875,2.33
799.98779296875,800.4150390625,2.34
799.98779296875,799.8046875,2.35
799.98779296875,800.4150390625,2.36
799.98779296875,799.8046875,2.37
799.98779296875,799.8046875,2.38
799.98779296875,799.8046875,2.39
799.98779296875,799.8046875,2.4
799.98779296875,799.8046875,2.41
799.98779296875,800.4150390625,2.42
799.98779296875,799.8046875,2.43
799.98779296875,800.4150390625,2.44
799.98779296875,799.8046875,2.45
799.98779296875,800.4150390625,2.46
799.98779296875,799.8046875,2.47
799.98779296875,799.8046875,2.48
799.98779296875,799.8046875,2.49
799.98779296875,800.4150390625,2.5
799.98779296875,799.8046875,2.51
799.98779296875,799.8046875,2.52
799.98779296875,800.4150390625,2.53
799.98779296875,799.1943359375,2.54
799.98779296875,799.8046875,2.55
799.98779296875,799.8046875,2.56
799.98779296875,799.8046875,2.57
799.98779296875,799.8046875,2.58
799.98779296875,800.4150390625,2.59
799.98779296875,800.4150390625,2.6
799.98779296875,799.1943359375,2.61
799.98779296875,799.8046875,2.62
799.98779296875,800.4150390625,2.63
799.98779296875,799.8046875,2.64
799.98779296875,799.8046875,2.65
799.98779296875,800.4150390625,2.66
799.98779296875,799.8046875,2.67
799.98779296875,799.8046875,2.68
799.98779296875,799.8046875,2.69
799.98779296875,799.8046875,2.7
799.98779296875,799.8046875,2.71
799.98779296875,799.8046875,2.72
799.98779296875,800.4150390625,2.73
799.98779296875,799.8046875,2.74
799.98779296875,800.4150390625,2.75
799.98779296875,800.4150390625,2.76
799.98779296875,799.8046875,2.77
799.98779296875,799.1943359375,2.78
799.98779296875,800.4150390625,2.79
799.98779296875,799.8046875,2.8
799.98779296875,800.4150390625,2.81
799.98779296875,800.4150390625,2.82
799.98779296875,799.1943359375,2.83
799.98779296875,800.4150390625,2.84
799.98779296875,799.8046875,2.85
799.98779296875,799.8046875,2.86
799.98779296875,799.8046875,2.87
799.98779296875,800.4150390625,2.88
799.98779296875,799.8046875,2.89
799.98779296875,800.4150390625,2.9
799.98779296875,799.8046875,2.91
799.98779296875,800.4150390625,2.92
799.98779296875,799.8046875,2.93
799.98779296875,799.8046875,2.94
799.98779296875,800.4150390625,2.95
799.98779296875,799.8046875,2.96
799.98779296875,799.8046875,2.97
799.98779296875,800.4150390625,2.98
799.98779296875,799.8046875,2.99
799.98779296875,799.1943359375,3.0
799.98779296875,799.8046875,3.01
799.98779296875,799.8046875,3.02
799.98779296875,800.4150390625,3.03
799.98779296875,800.4150390625,3.04
799.98779296875,800.4150390625,3.05
799.98779296875,799.8046875,3.06
799.98779296875,799.8046875,3.07
799.98779296875,799.8046875,3.08
799.98779296875,800.4150390625,3.09
799.98779296875,799.8046875,3.1
799.98779296875,800.4150390625,3.11
799.98779296875,799.8046875,3.12
799.98779296875,800.4150390625,3.13
799.98779296875,799.8046875,3.14
799.98779296875,799.8046875,3.15
799.98779296875,799.1943359375,3.16
799.98779296875,800.4150390625,3.17
799.98779296875,799.8046875,3.18
799.98779296875,800.4150390625,3.19
799.98779296875,800.4150390625,3.2
799.98779296875,799.8046875,3.21
799.98779296875,800.4150390625,3.22
799.98779296875,799.1943359375,3.23
799.98779296875,800.4150390625,3.24
799.98779296875,799.8046875,3.25
799.98779296875,800.4150390625,3.26
799.98779296875,799.8046875,3.27
799.98779296875,799.8046875,3.28
799.98779296875,799.8046875,3.29
799.98779296875,799.8046875,3.3
799.98779296875,799.8046875,3.31
799.98779296875,799.8046875,3.32
799.98779296875,800.4150390625,3.33
799.98779296875,800.4150390625,3.34
799.98779296875,799.8046875,3.35
799.98779296875,799.8046875,3.36
799.98779296875,800.4150390625,3.37
799.98779296875,799.8046875,3.38
799.98779296875,799.8046875,3.39
799.98779296875,799.8046875,3.4
799.98779296875,800.4150390625,3.41
799.98779296875,799.8046875,3.42
799.98779296875,800.4150390625,3.43
799.98779296875,799.1943359375,3.44
799.98779296875,799.8046875,3.45
799.98779296875,799.8046875,3.46
799.98779296875,800.4150390625,3.47
799.98779296875,800.4150390625,3.48
799.98779296875,799.8046875,3.49
799.98779296875,800.4150390625,3.5
799.98779296875,799.8046875,3.51
799.98779296875,800.4150390625,3.52
799.98779296875,799.8046875,3.53
799.98779296875,799.8046875,3.54
799.98779296875,800.4150390625,3.55
799.98779296875,800.4150390625,3.56
799.98779296875,799.8046875,3.57
799.98779296875,799.8046875,3.58
799.98779296875,799.8046875,3.59
799.98779296875,800.4150390625,3.6
799.98779296875,799.8046875,3.61
799.98779296875,799.8046875,3.62
799.98779296875,800.4150390625,3.63
799.98779296875,799.8046875,3.64
799.98779296875,800.4150390625,3.65
799.98779296875,800.4150390625,3.66
799.98779296875,799.8046875,3.67
799.98779296875,799.1943359375,3.68
799.98779296875,800.4150390625,3.69
799.98779296875,800.4150390625,3.7
799.98779296875,799.8046875,3.71
799.98779296875,799.8046875,3.72
799.98779296875,800.4150390625,3.73
799.98779296875,799.1943359375,3.74
799.98779296875,799.8046875,3.75
799.98779296875,800.4150390625,3.76
799.98779296875,799.8046875,3.77
799.98779296875,799.8046875,3.78
799.98779296875,800.4150390625,3.79
799.98779296875,799.8046875,3.8
799.98779296875,800.4150390625,3.81
799.98779296875,799.8046875,3.82
799.98779296875,799.8046875,3.83
799.98779296875,799.8046875,3.84
799.98779296875,800.4150390625,3.85
799.98779296875,800.4150390625,3.86
799.98779296875,799.8046875,3.87
799.98779296875,799.8046875,3.88
799.98779296875,800.4150390625,3.89
799.98779296875,799.1943359375,3.9
799.98779296875,799.8046875,3.91
799.98779296875,799.8046875,3.92
799.98779296875,800.96435546875,3.93
799.98779296875,799.8046875,3.94
799.98779296875,799.8046875,3.95
799.98779296875,800.4150390625,3.96
799.98779296875,799.8046875,3.97
799.98779296875,799.8046875,3.98
799.98779296875,799.8046875,3.99
799.98779296875,800.4150390625,4.0
799.98779296875,799.8046875,4.01
799.98779296875,799.8046875,4.02
799.98779296875,799.8046875,4.03
799.98779296875,800.4150390625,4.04
799.98779296875,799.1943359375,4.05
799.98779296875,799.8046875,4.06
799.98779296875,799.8046875,4.07
799.98779296875,800.4150390625,4.08
799.98779296875,799.8046875,4.09
799.98779296875,800.4150390625,4.1
799.98779296875,799.8046875,4.11
799.98779296875,799.8046875,4.12
799.98779296875,799.8046875,4.13
799.98779296875,799.8046875,4.14
799.98779296875,799.8046875,4.15
799.98779296875,800.4150390625,4.16
799.98779296875,799.8046875,4.17
799.98779296875,799.8046875,4.18
799.98779296875,799.8046875,4.19
799.98779296875,799.8046875,4.2
799.98779296875,799.8046875,4.21
799.98779296875,799.8046875,4.22
799.98779296875,800.4150390625,4.23
799.98779296875,799.8046875,4.24
799.98779296875,800.4150390625,4.25
799.98779296875,799.8046875,4.26
799.98779296875,800.4150390625,4.27
799.98779296875,799.8046875,4.28
799.98779296875,799.1943359375,4.29
799.98779296875,799.8046875,4.3
799.98779296875,798.583984375,4.31
799.98779296875,798.583984375,4.32
799.98779296875,797.9736328125,4.33
799.98779296875,797.36328125,4.34
799.98779296875,796.81396484375,4.35
799.98779296875,794.37255859375,4.36
799.98779296875,793.76220703125,4.37
799.98779296875,791.9921875,4.38
799.98779296875,790.1611328125,4.39
799.98779296875,787.78076171875,4.4
799.98779296875,787.17041015625,4.41
799.98779296875,784.7900390625,4.42
799.98779296875,782.958984375,4.43
799.98779296875,781.18896484375,4.44
799.98779296875,781.18896484375,4.45
799.98779296875,781.79931640625,4.46
799.98779296875,783.5693359375,4.47
799.98779296875,786.0107421875,4.48
799.98779296875,789.61181640625,4.49
799.98779296875,791.3818359375,4.5
799.98779296875,793.212890625,4.51
799.98779296875,794.98291015625,4.52
799.98779296875,795.59326171875,4.53
799.98779296875,797.36328125,4.54
799.98779296875,797.36328125,4.55
799.98779296875,798.583984375,4.56
799.98779296875,797.36328125,4.57
799.98779296875,799.1943359375,4.58
799.98779296875,797.9736328125,4.59
799.98779296875,797.36328125,4.6
799.98779296875,797.9736328125,4.61
799.98779296875,798.583984375,4.62
799.98779296875,797.36328125,4.63
799.98779296875,797.9736328125,4.64
799.98779296875,797.9736328125,4.65
799.98779296875,797.9736328125,4.66
799.98779296875,797.9736328125,4.67
799.98779296875,797.9736328125,4.68
799.98779296875,798.583984375,4.69
799.98779296875,797.36328125,4.7
799.98779296875,797.9736328125,4.71
799.98779296875,798.583984375,4.72
799.98779296875,797.9736328125,4.73
799.98779296875,798.583984375,4.74
799.98779296875,798.583984375,4.75
799.98779296875,797.9736328125,4.76
799.98779296875,798.583984375,4.77
799.98779296875,798.583984375,4.78
799.98779296875,797.9736328125,4.79
799.98779296875,799.1943359375,4.8
799.98779296875,800.4150390625,4.81
799.98779296875,800.4150390625,4.82
799.98779296875,799.8046875,4.83
799.98779296875,798.583984375,4.84
799.98779296875,797.9736328125,4.85
799.98779296875,798.583984375,4.86
799.98779296875,798.583984375,4.87
799.98779296875,798.583984375,4.88
799.98779296875,798.583984375,4.89
799.98779296875,797.9736328125,4.9
799.98779296875,799.1943359375,4.91
799.98779296875,797.9736328125,4.92
799.98779296875,799.1943359375,4.93
799.98779296875,798.583984375,4.94
799.98779296875,797.9736328125,4.95
799.98779296875,798.583984375,4.96
799.98779296875,798.583984375,4.97
799.98779296875,799.1943359375,4.98
799.98779296875,799.1943359375,4.99
799.98779296875,798.583984375,5.0
799.98779296875,797.9736328125,5.01
799.98779296875,799.1943359375,5.02
799.98779296875,797.9736328125,5.03
799.98779296875,798.583984375,5.04
799.98779296875,799.1943359375,5.05
799.98779296875,799.1943359375,5.06
799.98779296875,797.9736328125,5.07
799.98779296875,799.1943359375,5.08
799.98779296875,798.583984375,5.09
799.98779296875,798.583984375,5.1
799.98779296875,799.1943359375,5.11
799.98779296875,799.1943359375,5.12
799.98779296875,798.583984375,5.13
799.98779296875,799.1943359375,5.14
799.98779296875,798.583984375,5.15
799.98779296875,799.1943359375,5.16
799.98779296875,799.1943359375,5.17
799.98779296875,798.583984375,5.18
799.98779296875,799.1943359375,5.19
799.98779296875,798.583984375,5.2
799.98779296875,799.8046875,5.21
799.98779296875,799.1943359375,5.22
799.98779296875,799.1943359375,5.23
799.98779296875,798.583984375,5.24
799.98779296875,799.1943359375,5.25
799.98779296875,799.1943359375,5.26
799.98779296875,799.8046875,5.27
799.98779296875,799.1943359375,5.28
799.98779296875,799.8046875,5.29
799.98779296875,798.583984375,5.3
799.98779296875,799.8046875,5.31
799.98779296875,799.1943359375,5.32
799.98779296875,799.1943359375,5.33
799.98779296875,799.1943359375,5.34
799.98779296875,799.1943359375,5.35
799.98779296875,799.8046875,5.36
799.98779296875,799.1943359375,5.37
799.98779296875,799.1943359375,5.38
799.98779296875,799.8046875,5.39
799.98779296875,799.1943359375,5.4
799.98779296875,799.1943359375,5.41
799.98779296875,799.1943359375,5.42
799.98779296875,799.8046875,5.43
799.98779296875,799.8046875,5.44
799.98779296875,799.8046875,5.45
799.98779296875,799.1943359375,5.46
799.98779296875,799.1943359375,5.47
799.98779296875,799.8046875,5.48
799.98779296875,799.1943359375,5.49
799.98779296875,799.8046875,5.5
799.98779296875,799.8046875,5.51
799.98779296875,799.1943359375,5.52
799.98779296875,800.4150390625,5.53
799.98779296875,799.1943359375,5.54
799.98779296875,799.1943359375,5.55
799.98779296875,799.8046875,5.56
799.98779296875,800.4150390625,5.57
799.98779296875,799.1943359375,5.58
799.98779296875,799.8046875,5.59
799.98779296875,799.8046875,5.6
799.98779296875,799.8046875,5.61
799.98779296875,799.1943359375,5.62
799.98779296875,799.8046875,5.63
799.98779296875,799.1943359375,5.64
799.98779296875,799.8046875,5.65
799.98779296875,800.4150390625,5.66
799.98779296875,799.8046875,5.67
799.98779296875,799.8046875,5.68
799.98779296875,799.8046875,5.69
799.98779296875,799.8046875,5.7
799.98779296875,799.1943359375,5.71
799.98779296875,800.4150390625,5.72
799.98779296875,800.4150390625,5.73
799.98779296875,799.8046875,5.74
799.98779296875,799.1943359375,5.75
799.98779296875,800.4150390625,5.76
799.98779296875,799.8046875,5.77
799.98779296875,799.1943359375,5.78
799.98779296875,799.8046875,5.79
799.98779296875,799.8046875,5.8
799.98779296875,800.4150390625,5.81
799.98779296875,799.8046875,5.82
799.98779296875,799.8046875,5.83
799.98779296875,799.8046875,5.84
799.98779296875,799.8046875,5.85
799.98779296875,799.1943359375,5.86
799.98779296875,800.4150390625,5.87
799.98779296875,799.8046875,5.88
799.98779296875,800.4150390625,5.89
799.98779296875,799.8046875,5.9
799.98779296875,799.1943359375,5.91
799.98779296875,800.4150390625,5.92
799.98779296875,799.1943359375,5.93
799.98779296875,799.8046875,5.94
799.98779296875,800.4150390625,5.95
799.98779296875,799.8046875,5.96
799.98779296875,799.1943359375,5.97
799.98779296875,800.4150390625,5.98
799.98779296875,799.8046875,5.99
799.98779296875,799.8046875,6.0
799.98779296875,799.8046875,6.01
799.98779296875,800.4150390625,6.02
799.98779296875,799.8046875,6.03
799.98779296875,799.8046875,6.04
799.98779296875,799.8046875,6.05
799.98779296875,799.8046875,6.06
799.98779296875,799.8046875,6.07
799.98779296875,799.1943359375,6.08
799.98779296875,800.4150390625,6.09
799.98779296875,799.1943359375,6.1
799.98779296875,800.4150390625,6.11
799.98779296875,799.8046875,6.12
799.98779296875,799.8046875,6.13
799.98779296875,799.8046875,6.14
799.98779296875,799.8046875,6.15
799.98779296875,799.8046875,6.16
799.98779296875,799.8046875,6.17
799.98779296875,800.4150390625,6.18
799.98779296875,799.8046875,6.19
799.98779296875,799.1943359375,6.2
799.98779296875,799.8046875,6.21
799.98779296875,800.4150390625,6.22
799.98779296875,799.1943359375,6.23
799.98779296875,799.8046875,6.24
799.98779296875,799.8046875,6.25
799.98779296875,799.8046875,6.26
799.98779296875,799.8046875,6.27
799.98779296875,800.4150390625,6.28
799.98779296875,799.1943359375,6.29
799.98779296875,800.4150390625,6.3
799.98779296875,799.1943359375,6.31
799.98779296875,799.8046875,6.32
799.98779296875,800.4150390625,6.33
799.98779296875,800.4150390625,6.34
799.98779296875,799.8046875,6.35
799.98779296875,799.1943359375,6.36
799.98779296875,800.4150390625,6.37
799.98779296875,799.1943359375,6.38
799.98779296875,799.8046875,6.39
799.98779296875,800.4150390625,6.4
799.98779296875,800.4150390625,6.41
799.98779296875,799.1943359375,6.42
799.98779296875,800.4150390625,6.43
799.98779296875,799.8046875,6.44
799.98779296875,799.8046875,6.45
799.98779296875,799.8046875,6.46
799.98779296875,800.4150390625,6.47
799.98779296875,800.4150390625,6.48
799.98779296875,799.8046875,6.49
799.98779296875,799.8046875,6.5
799.98779296875,799.8046875,6.51
799.98779296875,800.4150390625,6.52
799.98779296875,799.1943359375,6.53
799.98779296875,799.8046875,6.54
799.98779296875,799.1943359375,6.55
799.98779296875,800.4150390625,6.56
799.98779296875,799.8046875,6.57
799.98779296875,799.8046875,6.58
799.98779296875,799.8046875,6.59
799.98779296875,799.8046875,6.6
799.98779296875,799.8046875,6.61
799.98779296875,799.8046875,6.62
799.98779296875,797.9736328125,6.63
799.98779296875,800.96435546875,6.64
799.98779296875,800.96435546875,6.65
799.98779296875,798.583984375,6.66
799.98779296875,799.8046875,6.67
799.98779296875,800.4150390625,6.68
799.98779296875,799.8046875,6.69
799.98779296875,799.1943359375,6.7
799.98779296875,802.79541015625,6.71
799.98779296875,799.1943359375,6.72
799.98779296875,799.8046875,6.73
799.98779296875,799.8046875,6.74
799.98779296875,800.4150390625,6.75
799.98779296875,799.1943359375,6.76
799.98779296875,800.4150390625,6.77
799.98779296875,800.4150390625,6.78
799.98779296875,800.4150390625,6.79
799.98779296875,799.8046875,6.8
799.98779296875,799.8046875,6.81
799.98779296875,799.8046875,6.82
799.98779296875,799.8046875,6.83
799.98779296875,799.8046875,6.84
799.98779296875,800.4150390625,6.85
799.98779296875,800.4150390625,6.86
799.98779296875,799.1943359375,6.87
799.98779296875,800.96435546875,6.88
799.98779296875,799.1943359375,6.89
799.98779296875,800.4150390625,6.9
799.98779296875,799.8046875,6.91
799.98779296875,800.4150390625,6.92
799.98779296875,799.8046875,6.93
799.98779296875,799.8046875,6.94
799.98779296875,800.4150390625,6.95
799.98779296875,799.8046875,6.96
799.98779296875,799.1943359375,6.97
799.98779296875,799.8046875,6.98
799.98779296875,800.4150390625,6.99
799.98779296875,799.1943359375,7.0
799.98779296875,800.4150390625,7.01
799.98779296875,800.4150390625,7.02
799.98779296875,799.8046875,7.03
799.98779296875,799.1943359375,7.04
799.98779296875,800.4150390625,7.05
799.98779296875,799.8046875,7.06
799.98779296875,800.4150390625,7.07
799.98779296875,799.8046875,7.08
799.98779296875,800.4150390625,7.09
799.98779296875,799.8046875,7.1
799.98779296875,800.4150390625,7.11
799.98779296875,799.1943359375,7.12
799.98779296875,800.4150390625,7.13
799.98779296875,799.8046875,7.14
799.98779296875,799.1943359375,7.15
799.98779296875,800.4150390625,7.16
799.98779296875,799.8046875,7.17
799.98779296875,799.8046875,7.18
799.98779296875,799.8046875,7.19
799.98779296875,800.4150390625,7.2
799.98779296875,799.1943359375,7.21
799.98779296875,799.8046875,7.22
799.98779296875,800.4150390625,7.23
799.98779296875,800.4150390625,7.24
799.98779296875,799.8046875,7.25
799.98779296875,799.8046875,7.26
799.98779296875,799.8046875,7.27
799.98779296875,799.8046875,7.28
799.98779296875,799.8046875,7.29
799.98779296875,800.4150390625,7.3
799.98779296875,800.4150390625,7.31
799.98779296875,799.1943359375,7.32
799.98779296875,800.4150390625,7.33
799.98779296875,799.8046875,7.34
799.98779296875,799.8046875,7.35
799.98779296875,799.8046875,7.36
799.98779296875,799.8046875,7.37
799.98779296875,800.4150390625,7.38
799.98779296875,799.8046875,7.39
799.98779296875,800.4150390625,7.4
799.98779296875,799.8046875,7.41
799.98779296875,799.8046875,7.42
799.98779296875,799.1943359375,7.43
799.98779296875,800.4150390625,7.44
799.98779296875,799.8046875,7.45
799.98779296875,797.9736328125,7.46
799.98779296875,800.96435546875,7.47
799.98779296875,800.4150390625,7.48
799.98779296875,799.8046875,7.49
799.98779296875,799.8046875,7.5
799.98779296875,799.8046875,7.51
799.98779296875,800.4150390625,7.52
799.98779296875,802.79541015625,7.53
799.98779296875,799.1943359375,7.54
799.98779296875,798.583984375,7.55
799.98779296875,800.4150390625,7.56
799.98779296875,800.96435546875,7.57
799.98779296875,799.8046875,7.58
799.98779296875,799.1943359375,7.59
799.98779296875,799.8046875,7.6
799.98779296875,800.96435546875,7.61
799.98779296875,799.1943359375,7.62
799.98779296875,800.4150390625,7.63
799.98779296875,800.4150390625,7.64
799.98779296875,799.1943359375,7.65
799.98779296875,799.8046875,7.66
799.98779296875,800.4150390625,7.67
799.98779296875,799.8046875,7.68
799.98779296875,800.96435546875,7.69
799.98779296875,799.1943359375,7.7
799.98779296875,799.8046875,7.71
799.98779296875,800.4150390625,7.72
799.98779296875,799.1943359375,7.73
799.98779296875,799.8046875,7.74
799.98779296875,799.8046875,7.75
799.98779296875,800.4150390625,7.76
799.98779296875,799.8046875,7.77
799.98779296875,799.8046875,7.78
799.98779296875,799.8046875,7.79
799.98779296875,800.4150390625,7.8
799.98779296875,799.1943359375,7.81
799.98779296875,799.8046875,7.82
799.98779296875,800.4150390625,7.83
799.98779296875,800.4150390625,7.84
799.98779296875,799.8046875,7.85
799.98779296875,800.4150390625,7.86
799.98779296875,799.8046875,7.87
799.98779296875,799.1943359375,7.88
799.98779296875,799.8046875,7.89
799.98779296875,800.4150390625,7.9
799.98779296875,800.4150390625,7.91
799.98779296875,799.1943359375,7.92
799.98779296875,800.4150390625,7.93
799.98779296875,799.8046875,7.94
799.98779296875,799.8046875,7.95
799.98779296875,800.4150390625,7.96
799.98779296875,799.8046875,7.97
799.98779296875,799.8046875,7.98
799.98779296875,800.4150390625,7.99
799.98779296875,800.4150390625,8.0
799.98779296875,799.1943359375,8.01
799.98779296875,800.4150390625,8.02
799.98779296875,800.4150390625,8.03
799.98779296875,799.1943359375,8.04
799.98779296875,799.8046875,8.05
799.98779296875,800.96435546875,8.06
799.98779296875,799.8046875,8.07
799.98779296875,800.4150390625,8.08
799.98779296875,799.1943359375,8.09
799.98779296875,800.4150390625,8.1
799.98779296875,799.8046875,8.11
799.98779296875,799.8046875,8.12
799.98779296875,800.4150390625,8.13
799.98779296875,800.4150390625,8.14
799.98779296875,799.8046875,8.15
799.98779296875,799.8046875,8.16
799.98779296875,799.8046875,8.17
799.98779296875,799.8046875,8.18
799.98779296875,800.4150390625,8.19
799.98779296875,799.8046875,8.2
799.98779296875,799.8046875,8.21
799.98779296875,799.8046875,8.22
799.98779296875,800.4150390625,8.23
799.98779296875,799.1943359375,8.24
799.98779296875,800.4150390625,8.25
799.98779296875,799.8046875,8.26
799.98779296875,799.8046875,8.27
799.98779296875,800.4150390625,8.28
799.98779296875,800.4150390625,8.29
799.98779296875,799.8046875,8.3
799.98779296875,799.1943359375,8.31
799.98779296875,800.4150390625,8.32
799.98779296875,799.8046875,8.33
799.98779296875,799.1943359375,8.34
799.98779296875,799.8046875,8.35
799.98779296875,800.96435546875,8.36
799.98779296875,799.1943359375,8.37
799.98779296875,800.4150390625,8.38
799.98779296875,799.1943359375,8.39
799.98779296875,800.4150390625,8.4
799.98779296875,799.8046875,8.41
799.98779296875,800.4150390625,8.42
799.98779296875,799.8046875,8.43
799.98779296875,800.4150390625,8.44
799.98779296875,799.8046875,8.45
799.98779296875,799.8046875,8.46
799.98779296875,800.4150390625,8.47
799.98779296875,799.1943359375,8.48
799.98779296875,799.8046875,8.49
799.98779296875,799.8046875,8.5
799.98779296875,797.9736328125,8.51
799.98779296875,800.96435546875,8.52
799.98779296875,800.96435546875,8.53
799.98779296875,798.583984375,8.54
799.98779296875,799.8046875,8.55
799.98779296875,800.4150390625,8.56
799.98779296875,800.4150390625,8.57
799.98779296875,802.18505859375,8.58
799.98779296875,799.1943359375,8.59
799.98779296875,799.1943359375,8.6
799.98779296875,800.4150390625,8.61
799.98779296875,800.4150390625,8.62
799.98779296875,799.8046875,8.63
799.98779296875,799.8046875,8.64
799.98779296875,799.8046875,8.65
799.98779296875,800.4150390625,8.66
799.98779296875,799.8046875,8.67
799.98779296875,799.8046875,8.68
799.98779296875,799.8046875,8.69
799.98779296875,800.4150390625,8.7
799.98779296875,799.8046875,8.71
799.98779296875,799.8046875,8.72
799.98779296875,799.8046875,8.73
799.98779296875,800.4150390625,8.74
799.98779296875,800.4150390625,8.75
799.98779296875,799.1943359375,8.76
799.98779296875,799.8046875,8.77
799.98779296875,799.8046875,8.78
799.98779296875,800.4150390625,8.79
799.98779296875,799.8046875,8.8
799.98779296875,800.4150390625,8.81
799.98779296875,800.96435546875,8.82
799.98779296875,802.18505859375,8.83
799.98779296875,802.18505859375,8.84
799.98779296875,804.01611328125,8.85
799.98779296875,804.01611328125,8.86
799.98779296875,805.17578125,8.87
799.98779296875,805.17578125,8.88
799.98779296875,805.7861328125,8.89
799.98779296875,806.396484375,8.9
799.98779296875,806.396484375,8.91
799.98779296875,807.0068359375,8.92
799.98779296875,807.0068359375,8.93
799.98779296875,807.6171875,8.94
799.98779296875,807.6171875,8.95
799.98779296875,808.16650390625,8.96
799.98779296875,808.16650390625,8.97
799.98779296875,808.16650390625,8.98
799.98779296875,808.16650390625,8.99
799.98779296875,807.6171875,9.0
799.98779296875,808.16650390625,9.01
799.98779296875,807.6171875,9.02
799.98779296875,808.77685546875,9.03
799.98779296875,808.16650390625,9.04
799.98779296875,807.6171875,9.05
799.98779296875,807.6171875,9.06
799.98779296875,807.6171875,9.07
799.98779296875,807.0068359375,9.08
799.98779296875,807.6171875,9.09
799.98779296875,807.0068359375,9.1
799.98779296875,807.6171875,9.11
799.98779296875,806.396484375,9.12
799.98779296875,807.0068359375,9.13
799.98779296875,806.396484375,9.14
799.98779296875,806.396484375,9.15
799.98779296875,805.7861328125,9.16
799.98779296875,805.7861328125,9.17
799.98779296875,806.396484375,9.18
799.98779296875,805.17578125,9.19
799.98779296875,805.7861328125,9.2
799.98779296875,805.17578125,9.21
799.98779296875,805.17578125,9.22
799.98779296875,804.5654296875,9.23
799.98779296875,804.5654296875,9.24
799.98779296875,805.17578125,9.25
799.98779296875,804.5654296875,9.26
799.98779296875,804.5654296875,9.27
799.98779296875,803.40576171875,9.28
799.98779296875,803.40576171875,9.29
799.98779296875,803.40576171875,9.3
799.98779296875,804.01611328125,9.31
799.98779296875,802.79541015625,9.32
799.98779296875,803.40576171875,9.33
799.98779296875,802.79541015625,9.34
799.98779296875,803.40576171875,9.35
799.98779296875,802.18505859375,9.36
799.98779296875,802.79541015625,9.37
799.98779296875,802.18505859375,9.38
799.98779296875,802.18505859375,9.39
799.98779296875,802.18505859375,9.4
799.98779296875,802.18505859375,9.41
799.98779296875,801.57470703125,9.42
799.98779296875,801.57470703125,9.43
799.98779296875,801.57470703125,9.44
799.98779296875,801.57470703125,9.45
799.98779296875,800.96435546875,9.46
799.98779296875,800.96435546875,9.47
799.98779296875,802.18505859375,9.48
799.98779296875,800.96435546875,9.49
799.98779296875,801.57470703125,9.5
799.98779296875,800.4150390625,9.51
799.98779296875,800.96435546875,9.52
799.98779296875,800.96435546875,9.53
799.98779296875,800.96435546875,9.54
799.98779296875,800.4150390625,9.55
799.98779296875,800.96435546875,9.56
799.98779296875,800.4150390625,9.57
799.98779296875,800.96435546875,9.58
799.98779296875,800.4150390625,9.59
799.98779296875,799.8046875,9.6
799.98779296875,800.4150390625,9.61
799.98779296875,800.4150390625,9.62
799.98779296875,800.96435546875,9.63
799.98779296875,800.4150390625,9.64
799.98779296875,800.96435546875,9.65
799.98779296875,799.8046875,9.66
799.98779296875,800.4150390625,9.67
799.98779296875,799.8046875,9.68
799.98779296875,800.4150390625,9.69
799.98779296875,800.4150390625,9.7
799.98779296875,800.4150390625,9.71
799.98779296875,800.4150390625,9.72
799.98779296875,799.8046875,9.73
799.98779296875,800.4150390625,9.74
799.98779296875,799.8046875,9.75
799.98779296875,800.4150390625,9.76
799.98779296875,799.8046875,9.77
799.98779296875,800.4150390625,9.78
799.98779296875,800.4150390625,9.79
799.98779296875,800.4150390625,9.8
799.98779296875,799.8046875,9.81
799.98779296875,799.8046875,9.82
799.98779296875,799.8046875,9.83
799.98779296875,800.4150390625,9.84
799.98779296875,799.8046875,9.85
799.98779296875,799.8046875,9.86
799.98779296875,800.4150390625,9.87
799.98779296875,800.4150390625,9.88
799.98779296875,799.8046875,9.89
799.98779296875,799.1943359375,9.9
799.98779296875,800.4150390625,9.91
799.98779296875,800.4150390625,9.92
799.98779296875,800.4150390625,9.93
799.98779296875,799.8046875,9.94
799.98779296875,800.4150390625,9.95
799.98779296875,799.8046875,9.96
799.98779296875,799.8046875,9.97
799.98779296875,800.4150390625,9.98
799.98779296875,799.8046875,9.99
799.98779296875,800.4150390625,10.0
799.98779296875,800.4150390625,10.01
799.98779296875,799.8046875,10.02
799.98779296875,799.8046875,10.03
799.98779296875,800.4150390625,10.04
799.98779296875,799.8046875,10.05
799.98779296875,799.8046875,10.06
799.98779296875,799.8046875,10.07
799.98779296875,800.4150390625,10.08
799.98779296875,800.4150390625,10.09
799.98779296875,800.4150390625,10.1
799.98779296875,799.8046875,10.11
799.98779296875,799.8046875,10.12
799.98779296875,799.8046875,10.13
799.98779296875,799.8046875,10.14
799.98779296875,800.4150390625,10.15
799.98779296875,800.4150390625,10.16
799.98779296875,799.8046875,10.17
799.98779296875,800.4150390625,10.18
799.98779296875,799.1943359375,10.19
799.98779296875,799.8046875,10.2
799.98779296875,800.4150390625,10.21
799.98779296875,800.4150390625,10.22
799.98779296875,799.8046875,10.23
799.98779296875,800.4150390625,10.24
799.98779296875,800.4150390625,10.25
799.98779296875,799.8046875,10.26
799.98779296875,799.8046875,10.27
799.98779296875,800.4150390625,10.28
799.98779296875,799.8046875,10.29
799.98779296875,799.8046875,10.3
799.98779296875,800.4150390625,10.31
799.98779296875,800.4150390625,10.32
799.98779296875,799.8046875,10.33
799.98779296875,800.4150390625,10.34
799.98779296875,799.1943359375,10.35
799.98779296875,799.8046875,10.36
799.98779296875,800.4150390625,10.37
799.98779296875,800.96435546875,10.38
799.98779296875,799.8046875,10.39
799.98779296875,800.4150390625,10.4
799.98779296875,799.8046875,10.41
799.98779296875,799.8046875,10.42
799.98779296875,800.4150390625,10.43
799.98779296875,799.8046875,10.44
799.98779296875,800.4150390625,10.45
799.98779296875,799.8046875,10.46
799.98779296875,800.4150390625,10.47
799.98779296875,799.8046875,10.48
799.98779296875,799.8046875,10.49
799.98779296875,799.8046875,10.5
799.98779296875,799.8046875,10.51
799.98779296875,800.4150390625,10.52
799.98779296875,800.4150390625,10.53
799.98779296875,799.8046875,10.54
799.98779296875,800.4150390625,10.55
799.98779296875,800.4150390625,10.56
799.98779296875,799.8046875,10.57
799.98779296875,799.8046875,10.58
799.98779296875,799.8046875,10.59
799.98779296875,800.4150390625,10.6
799.98779296875,800.4150390625,10.61
799.98779296875,799.8046875,10.62
799.98779296875,799.8046875,10.63
799.98779296875,799.8046875,10.64
799.98779296875,799.8046875,10.65
799.98779296875,800.4150390625,10.66
799.98779296875,799.8046875,10.67
799.98779296875,800.4150390625,10.68
799.98779296875,799.8046875,10.69
799.98779296875,799.8046875,10.7
799.98779296875,800.4150390625,10.71
799.98779296875,799.8046875,10.72
799.98779296875,799.8046875,10.73
799.98779296875,799.8046875,10.74
799.98779296875,800.4150390625,10.75
799.98779296875,799.8046875,10.76
799.98779296875,799.8046875,10.77
799.98779296875,799.8046875,10.78
799.98779296875,800.4150390625,10.79
799.98779296875,799.1943359375,10.8
799.98779296875,799.8046875,10.81
799.98779296875,799.8046875,10.82
799.98779296875,800.96435546875,10.83
799.98779296875,799.8046875,10.84
799.98779296875,799.8046875,10.85
799.98779296875,799.8046875,10.86
799.98779296875,799.8046875,10.87
799.98779296875,800.4150390625,10.88
799.98779296875,799.1943359375,10.89
799.98779296875,800.4150390625,10.9
799.98779296875,800.4150390625,10.91
799.98779296875,799.8046875,10.92
799.98779296875,799.8046875,10.93
799.98779296875,799.8046875,10.94
799.98779296875,799.8046875,10.95
799.98779296875,799.8046875,10.96
799.98779296875,799.8046875,10.97
799.98779296875,800.4150390625,10.98
799.98779296875,800.4150390625,10.99
799.98779296875,799.8046875,11.0
799.98779296875,799.8046875,11.01
799.98779296875,800.4150390625,11.02
799.98779296875,799.8046875,11.03
799.98779296875,799.1943359375,11.04
799.98779296875,800.96435546875,11.05
799.98779296875,799.8046875,11.06
799.98779296875,799.8046875,11.07
799.98779296875,800.4150390625,11.08
799.98779296875,799.8046875,11.09
799.98779296875,799.1943359375,11.1
799.98779296875,800.4150390625,11.11
799.98779296875,800.4150390625,11.12
799.98779296875,799.8046875,11.13
799.98779296875,800.4150390625,11.14
799.98779296875,800.4150390625,11.15
799.98779296875,799.8046875,11.16
799.98779296875,799.8046875,11.17
799.98779296875,799.8046875,11.18
799.98779296875,799.8046875,11.19
799.98779296875,800.4150390625,11.2
799.98779296875,799.8046875,11.21
799.98779296875,800.4150390625,11.22
799.98779296875,799.8046875,11.23
799.98779296875,799.8046875,11.24
799.98779296875,799.8046875,11.25
799.98779296875,799.1943359375,11.26
799.98779296875,800.4150390625,11.27
799.98779296875,800.4150390625,11.28
799.98779296875,799.8046875,11.29
799.98779296875,800.4150390625,11.3
799.98779296875,799.8046875,11.31
799.98779296875,799.8046875,11.32
799.98779296875,799.8046875,11.33
799.98779296875,799.8046875,11.34
799.98779296875,800.4150390625,11.35
799.98779296875,797.36328125,11.36
799.98779296875,800.4150390625,11.37
799.98779296875,800.96435546875,11.38
799.98779296875,799.8046875,11.39
799.98779296875,799.8046875,11.4
799.98779296875,799.8046875,11.41
799.98779296875,799.8046875,11.42
799.98779296875,802.79541015625,11.43
799.98779296875,799.8046875,11.44
799.98779296875,799.8046875,11.45
799.98779296875,799.8046875,11.46
799.98779296875,799.8046875,11.47
799.98779296875,799.8046875,11.48
799.98779296875,800.4150390625,11.49
799.98779296875,800.4150390625,11.5
799.98779296875,797.36328125,11.51
799.98779296875,800.96435546875,11.52
799.98779296875,800.4150390625,11.53
799.98779296875,799.8046875,11.54
799.98779296875,800.4150390625,11.55
799.98779296875,799.8046875,11.56
799.98779296875,799.8046875,11.57
799.98779296875,802.79541015625,11.58
799.98779296875,799.8046875,11.59
799.98779296875,799.1943359375,11.6
799.98779296875,800.4150390625,11.61
799.98779296875,799.8046875,11.62
799.98779296875,799.8046875,11.63
799.98779296875,799.8046875,11.64
799.98779296875,800.4150390625,11.65
799.98779296875,799.8046875,11.66
799.98779296875,800.4150390625,11.67
799.98779296875,799.8046875,11.68
799.98779296875,799.8046875,11.69
799.98779296875,799.8046875,11.7
799.98779296875,799.8046875,11.71
799.98779296875,800.4150390625,11.72
799.98779296875,799.8046875,11.73
799.98779296875,799.8046875,11.74
799.98779296875,800.4150390625,11.75
799.98779296875,799.8046875,11.76
799.98779296875,799.8046875,11.77
799.98779296875,799.8046875,11.78
799.98779296875,799.8046875,11.79
799.98779296875,799.8046875,11.8
799.98779296875,799.8046875,11.81
799.98779296875,800.4150390625,11.82
799.98779296875,799.8046875,11.83
799.98779296875,799.8046875,11.84
799.98779296875,799.8046875,11.85
799.98779296875,799.8046875,11.86
799.98779296875,799.8046875,11.87
799.98779296875,800.4150390625,11.88
799.98779296875,800.4150390625,11.89
799.98779296875,800.4150390625,11.9
799.98779296875,799.8046875,11.91
799.98779296875,799.8046875,11.92
799.98779296875,799.1943359375,11.93
799.98779296875,800.4150390625,11.94
799.98779296875,800.4150390625,11.95
799.98779296875,799.8046875,11.96
799.98779296875,799.8046875,11.97
799.98779296875,799.8046875,11.98
799.98779296875,799.8046875,11.99
799.98779296875,800.4150390625,12.0
799.98779296875,799.1943359375,12.01
799.98779296875,799.8046875,12.02
799.98779296875,800.4150390625,12.03
799.98779296875,799.8046875,12.04
799.98779296875,800.4150390625,12.05
799.98779296875,799.8046875,12.06
799.98779296875,799.8046875,12.07
799.98779296875,799.1943359375,12.08
799.98779296875,799.8046875,12.09
799.98779296875,800.4150390625,12.1
799.98779296875,800.4150390625,12.11
799.98779296875,799.8046875,12.12
799.98779296875,799.8046875,12.13
799.98779296875,799.8046875,12.14
799.98779296875,799.1943359375,12.15
799.98779296875,799.8046875,12.16
799.98779296875,800.4150390625,12.17
799.98779296875,800.4150390625,12.18
799.98779296875,799.8046875,12.19
799.98779296875,800.4150390625,12.2
799.98779296875,799.8046875,12.21
799.98779296875,799.8046875,12.22
799.98779296875,799.8046875,12.23
799.98779296875,799.8046875,12.24
799.98779296875,800.4150390625,12.25
799.98779296875,799.8046875,12.26
799.98779296875,800.4150390625,12.27
799.98779296875,799.8046875,12.28
799.98779296875,799.8046875,12.29
799.98779296875,799.8046875,12.3
799.98779296875,799.8046875,12.31
799.98779296875,799.8046875,12.32
799.98779296875,800.4150390625,12.33
799.98779296875,800.4150390625,12.34
799.98779296875,799.8046875,12.35
799.98779296875,799.8046875,12.36
799.98779296875,800.4150390625,12.37
799.98779296875,799.1943359375,12.38
799.98779296875,800.4150390625,12.39
799.98779296875,799.8046875,12.4
799.98779296875,800.4150390625,12.41
799.98779296875,799.8046875,12.42
799.98779296875,799.8046875,12.43
799.98779296875,800.4150390625,12.44
799.98779296875,799.8046875,12.45
799.98779296875,799.8046875,12.46
799.98779296875,799.8046875,12.47
799.98779296875,799.8046875,12.48
799.98779296875,800.4150390625,12.49
799.98779296875,799.8046875,12.5
799.98779296875,799.8046875,12.51
799.98779296875,800.4150390625,12.52
799.98779296875,799.1943359375,12.53
799.98779296875,799.8046875,12.54
799.98779296875,800.4150390625,12.55
799.98779296875,800.4150390625,12.56
799.98779296875,799.8046875,12.57
799.98779296875,799.8046875,12.58
799.98779296875,799.8046875,12.59
799.98779296875,800.4150390625,12.6
799.98779296875,799.8046875,12.61
799.98779296875,800.4150390625,12.62
799.98779296875,799.8046875,12.63
799.98779296875,800.4150390625,12.64
799.98779296875,800.4150390625,12.65
799.98779296875,799.8046875,12.66
799.98779296875,799.8046875,12.67
799.98779296875,800.4150390625,12.68
799.98779296875,799.8046875,12.69
799.98779296875,800.4150390625,12.7
799.98779296875,800.4150390625,12.71
799.98779296875,799.8046875,12.72
799.98779296875,799.8046875,12.73
799.98779296875,800.4150390625,12.74
799.98779296875,799.8046875,12.75
799.98779296875,799.8046875,12.76
799.98779296875,799.8046875,12.77
799.98779296875,797.9736328125,12.78
799.98779296875,800.96435546875,12.79
799.98779296875,800.96435546875,12.8
799.98779296875,799.8046875,12.81
799.98779296875,799.8046875,12.82
799.98779296875,799.8046875,12.83
799.98779296875,799.8046875,12.84
799.98779296875,800.4150390625,12.85
799.98779296875,802.79541015625,12.86
799.98779296875,799.1943359375,12.87
799.98779296875,799.1943359375,12.88
799.98779296875,800.4150390625,12.89
799.98779296875,799.8046875,12.9
799.98779296875,800.4150390625,12.91
799.98779296875,799.8046875,12.92
799.98779296875,800.4150390625,12.93
799.98779296875,799.8046875,12.94
799.98779296875,800.4150390625,12.95
799.98779296875,800.4150390625,12.96
799.98779296875,799.8046875,12.97
799.98779296875,799.8046875,12.98
799.98779296875,799.8046875,12.99
799.98779296875,800.4150390625,13.0
799.98779296875,797.9736328125,13.01
799.98779296875,800.4150390625,13.02
799.98779296875,800.96435546875,13.03
799.98779296875,799.8046875,13.04
799.98779296875,799.1943359375,13.05
799.98779296875,800.4150390625,13.06
799.98779296875,800.4150390625,13.07
799.98779296875,802.79541015625,13.08
799.98779296875,799.1943359375,13.09
799.98779296875,799.8046875,13.1
