0.0,-8.4228515625,0.001
0.06103515625,-3.60107421875,0.011
0.3662109375,-5.43212890625,0.021
0.91552734375,-3.60107421875,0.031
1.5869140625,-2.44140625,0.041
2.50244140625,-0.6103515625,0.051
3.662109375,0.0,0.061
4.94384765625,1.15966796875,0.071
6.4697265625,0.54931640625,0.081
8.1787109375,0.0,0.091
10.07080078125,-0.6103515625,0.101
12.20703125,0.54931640625,0.111
14.5263671875,1.15966796875,0.121
17.02880859375,1.77001953125,0.131
19.71435546875,3.5400390625,0.141
22.64404296875,5.9814453125,0.151
25.7568359375,7.75146484375,0.161
29.052734375,11.3525390625,0.171
32.5927734375,14.34326171875,0.181
36.2548828125,17.9443359375,0.191
40.1611328125,20.99609375,0.201
44.3115234375,24.59716796875,0.211
48.583984375,27.587890625,0.221
53.1005859375,32.3486328125,0.231
57.861328125,36.56005859375,0.241
62.744140625,40.771484375,0.251
67.87109375,46.142578125,0.261
73.18115234375,50.96435546875,0.271
78.67431640625,53.3447265625,0.281
84.41162109375,58.77685546875,0.291
90.27099609375,64.75830078125,0.301
96.435546875,72.57080078125,0.311
102.72216796875,77.392578125,0.321
109.2529296875,82.1533203125,0.331
115.966796875,88.19580078125,0.341
122.86376953125,92.95654296875,0.351
129.94384765625,98.9990234375,0.361
137.26806640625,107.36083984375,0.371
144.775390625,114.56298828125,0.381
152.52685546875,121.15478515625,0.391
160.400390625,125.9765625,0.401
168.51806640625,134.3994140625,0.411
176.81884765625,143.37158203125,0.421
185.36376953125,150.57373046875,0.431
194.03076171875,155.94482421875,0.441
202.94189453125,165.58837890625,0.451
212.09716796875,174.560546875,0.461
221.37451171875,181.15234375,0.471
230.89599609375,189.5751953125,0.481
240.6005859375,200.37841796875,0.491
250.48828125,210.0830078125,0.501
260.6201171875,215.39306640625,0.511
270.93505859375,224.9755859375,0.521
281.43310546875,236.99951171875,0.531
292.17529296875,245.361328125,0.541
303.03955078125,254.39453125,0.551
314.14794921875,264.58740234375,0.561
325.50048828125,276.0009765625,0.571
336.97509765625,286.19384765625,0.581
348.69384765625,296.38671875,0.591
360.595703125,305.96923828125,0.601
372.74169921875,318.603515625,0.611
385.07080078125,329.9560546875,0.621
397.52197265625,340.14892578125,0.631
410.15625,352.1728515625,0.641
422.607421875,364.80712890625,0.651
434.814453125,375.54931640625,0.661
446.8994140625,387.5732421875,0.671
458.740234375,399.59716796875,0.681
470.39794921875,410.400390625,0.691
481.8115234375,421.7529296875,0.701
493.0419921875,433.16650390625,0.711
504.08935546875,444.580078125,0.721
514.95361328125,454.77294921875,0.731
525.57373046875,466.1865234375,0.741
536.07177734375,476.98974609375,0.751
546.2646484375,487.1826171875,0.761
556.33544921875,497.98583984375,0.771
566.162109375,507.568359375,0.781
575.8056640625,518.37158203125,0.791
585.26611328125,527.9541015625,0.801
594.482421875,538.2080078125,0.811
603.57666015625,547.18017578125,0.821
612.4267578125,556.7626953125,0.831
621.03271484375,566.40625,0.841
629.5166015625,575.37841796875,0.851
637.75634765625,584.41162109375,0.861
645.751953125,592.7734375,0.871
653.62548828125,601.806640625,0.881
661.2548828125,610.16845703125,0.891
668.701171875,618.59130859375,0.901
675.96435546875,627.01416015625,0.911
682.9833984375,634.765625,0.921
689.8193359375,643.1884765625,0.931
696.47216796875,649.7802734375,0.941
702.94189453125,656.982421875,0.951
709.16748046875,665.4052734375,0.961
715.2099609375,671.9970703125,0.971
721.0693359375,678.5888671875,0.981
726.74560546875,685.1806640625,0.991
732.177734375,691.7724609375,1.001
737.4267578125,698.974609375,1.011
742.431640625,703.79638671875,1.021
747.314453125,710.38818359375,1.031
751.953125,715.75927734375,1.041
756.40869140625,721.8017578125,1.051
760.6201171875,726.01318359375,1.061
764.6484375,731.99462890625,1.071
768.49365234375,736.81640625,1.081
772.15576171875,742.1875,1.091
775.634765625,746.39892578125,1.101
778.86962890625,750.6103515625,1.111
781.92138671875,754.7607421875,1.121
784.72900390625,758.36181640625,1.131
787.41455078125,762.5732421875,1.141
789.85595703125,766.17431640625,1.151
792.05322265625,769.1650390625,1.161
794.12841796875,772.76611328125,1.171
795.95947265625,775.81787109375,1.181
797.607421875,778.1982421875,1.191
799.072265625,780.57861328125,1.201
800.29296875,783.5693359375,1.211
801.33056640625,785.400390625,1.221
802.18505859375,787.78076171875,1.231
802.8564453125,789.00146484375,1.241
803.28369140625,791.3818359375,1.251
803.52783203125,792.6025390625,1.261
803.5888671875,793.212890625,1.271
803.40576171875,794.37255859375,1.281
803.03955078125,795.59326171875,1.291
802.490234375,795.59326171875,1.301
801.7578125,796.20361328125,1.311
800.96435546875,796.81396484375,1.321
800.35400390625,797.36328125,1.331
799.98779296875,796.20361328125,1.341
799.74365234375,796.81396484375,1.351
799.74365234375,797.36328125,1.361
799.9267578125,796.20361328125,1.371
799.98779296875,797.9736328125,1.381
799.98779296875,797.36328125,1.391
799.98779296875,797.9736328125,1.401
799.98779296875,797.9736328125,1.411
799.98779296875,797.9736328125,1.421
799.98779296875,797.9736328125,1.431
799.98779296875,797.9736328125,1.441
799.98779296875,798.583984375,1.451
799.98779296875,797.9736328125,1.461
799.98779296875,798.583984375,1.471
799.98779296875,799.1943359375,1.481
799.98779296875,799.1943359375,1.491
799.98779296875,798.583984375,1.501
799.98779296875,798.583984375,1.511
799.98779296875,799.1943359375,1.521
799.98779296875,799.1943359375,1.531
799.98779296875,799.1943359375,1.541
799.98779296875,799.8046875,1.551
799.98779296875,799.8046875,1.561
799.98779296875,799.1943359375,1.571
799.98779296875,799.1943359375,1.581
799.98779296875,799.8046875,1.591
799.98779296875,799.8046875,1.601
799.98779296875,799.8046875,1.611
799.98779296875,799.1943359375,1.621
799.98779296875,800.4150390625,1.631
799.98779296875,799.8046875,1.641
799.98779296875,799.1943359375,1.651
799.98779296875,800.4150390625,1.661
799.98779296875,799.1943359375,1.671
799.98779296875,799.8046875,1.681
799.98779296875,800.4150390625,1.691
799.98779296875,800.4150390625,1.701
799.98779296875,799.8046875,1.711
799.98779296875,800.4150390625,1.721
799.98779296875,799.8046875,1.731
799.98779296875,799.8046875,1.741
799.98779296875,799.8046875,1.751
799.98779296875,799.8046875,1.761
799.98779296875,800.4150390625,1.771
799.98779296875,800.4150390625,1.781
799.98779296875,800.4150390625,1.791
799.98779296875,799.8046875,1.801
799.98779296875,799.8046875,1.811
799.98779296875,799.8046875,1.821
799.98779296875,799.8046875,1.831
799.98779296875,800.4150390625,1.841
799.98779296875,800.4150390625,1.851
799.98779296875,799.8046875,1.861
799.98779296875,800.4150390625,1.871
799.98779296875,799.8046875,1.881
799.98779296875,800.4150390625,1.891
799.98779296875,799.1943359375,1.901
799.98779296875,800.4150390625,1.911
799.98779296875,799.8046875,1.921
799.98779296875,800.4150390625,1.931
799.98779296875,799.8046875,1.941
799.98779296875,799.8046875,1.951
799.98779296875,800.4150390625,1.961
799.98779296875,799.1943359375,1.971
799.98779296875,800.4150390625,1.981
799.98779296875,799.8046875,1.991
799.98779296875,800.4150390625,2.001
799.98779296875,800.4150390625,2.011
799.98779296875,799.8046875,2.021
799.98779296875,799.8046875,2.031
799.98779296875,799.8046875,2.041
799.98779296875,799.8046875,2.051
799.98779296875,799.8046875,2.061
799.98779296875,800.4150390625,2.071
799.98779296875,799.8046875,2.081
799.98779296875,799.8046875,2.091
799.98779296875,799.8046875,2.101
799.98779296875,800.4150390625,2.111
799.98779296875,799.1943359375,2.121
799.98779296875,799.8046875,2.131
799.98779296875,799.8046875,2.141
799.98779296875,800.4150390625,2.151
799.98779296875,799.8046875,2.161
799.98779296875,800.4150390625,2.171
799.98779296875,799.1943359375,2.181
799.98779296875,799.8046875,2.191
799.98779296875,799.8046875,2.201
799.98779296875,799.8046875,2.211
799.98779296875,800.4150390625,2.221
799.98779296875,799.8046875,2.231
799.98779296875,799.8046875,2.241
799.98779296875,799.8046875,2.251
799.98779296875,799.8046875,2.261
799.98779296875,799.8046875,2.271
799.98779296875,800.4150390625,2.281
799.98779296875,799.8046875,2.291
799.98779296875,800.4150390625,2.301
799.98779296875,799.8046875,2.311
799.98779296875,800.4150390625,2.321
799.98779296875,799.8046875,2.331
799.98779296875,800.4150390625,2.341
799.98779296875,799.1943359375,2.351
799.98779296875,800.4150390625,2.361
799.98779296875,800.4150390625,2.371
799.98779296875,799.8046875,2.381
799.98779296875,800.4150390625,2.391
799.98779296875,799.8046875,2.401
799.98779296875,800.4150390625,2.411
799.98779296875,799.1943359375,2.421
799.98779296875,800.4150390625,2.431
799.98779296875,799.8046875,2.441
799.98779296875,800.96435546875,2.451
799.98779296875,799.8046875,2.461
799.98779296875,799.8046875,2.471
799.98779296875,800.4150390625,2.481
799.98779296875,799.8046875,2.491
799.98779296875,799.8046875,2.501
799.98779296875,799.8046875,2.511
799.98779296875,800.4150390625,2.521
799.98779296875,800.4150390625,2.531
799.98779296875,799.8046875,2.541
799.98779296875,800.4150390625,2.551
799.98779296875,799.8046875,2.561
799.98779296875,799.1943359375,2.571
799.98779296875,800.4150390625,2.581
799.98779296875,799.8046875,2.591
799.98779296875,800.4150390625,2.601
799.98779296875,800.4150390625,2.611
799.98779296875,800.4150390625,2.621
799.98779296875,799.8046875,2.631
799.98779296875,799.8046875,2.641
799.98779296875,799.8046875,2.651
799.98779296875,799.8046875,2.661
799.98779296875,800.4150390625,2.671
799.98779296875,799.8046875,2.681
799.98779296875,800.4150390625,2.691
799.98779296875,799.8046875,2.701
799.98779296875,799.8046875,2.711
799.98779296875,799.8046875,2.721
799.98779296875,799.8046875,2.731
799.98779296875,800.4150390625,2.741
799.98779296875,800.4150390625,2.751
799.98779296875,799.8046875,2.761
799.98779296875,800.4150390625,2.771
799.98779296875,799.8046875,2.781
799.98779296875,799.8046875,2.791
799.98779296875,800.4150390625,2.801
799.98779296875,799.8046875,2.811
799.98779296875,799.8046875,2.821
799.98779296875,800.4150390625,2.831
799.98779296875,800.4150390625,2.841
799.98779296875,799.8046875,2.851
799.98779296875,799.8046875,2.861
799.98779296875,799.1943359375,2.871
799.98779296875,800.4150390625,2.881
799.98779296875,799.8046875,2.891
799.98779296875,800.4150390625,2.901
799.98779296875,799.8046875,2.911
799.98779296875,799.8046875,2.921
799.98779296875,798.583984375,2.931
799.98779296875,799.1943359375,2.941
799.98779296875,797.9736328125,2.951
799.98779296875,797.36328125,2.961
799.98779296875,796.20361328125,2.971
799.98779296875,795.59326171875,2.981
799.98779296875,793.76220703125,2.991
799.98779296875,791.9921875,3.001
799.98779296875,790.1611328125,3.011
799.98779296875,787.78076171875,3.021
799.98779296875,786.56005859375,3.031
799.98779296875,784.1796875,3.041
799.98779296875,782.958984375,3.051
799.98779296875,781.18896484375,3.061
799.98779296875,779.4189453125,3.071
799.98779296875,779.4189453125,3.081
799.98779296875,781.79931640625,3.091
799.98779296875,783.5693359375,3.101
799.98779296875,787.17041015625,3.111
799.98779296875,789.61181640625,3.121
799.98779296875,791.3818359375,3.131
799.98779296875,793.76220703125,3.141
799.98779296875,794.98291015625,3.151
799.98779296875,796.20361328125,3.161
799.98779296875,797.36328125,3.171
799.98779296875,797.9736328125,3.181
799.98779296875,797.36328125,3.191
799.98779296875,797.9736328125,3.201
799.98779296875,797.36328125,3.211
799.98779296875,797.9736328125,3.221
799.98779296875,797.36328125,3.231
799.98779296875,797.36328125,3.241
799.98779296875,797.36328125,3.251
799.98779296875,797.9736328125,3.261
799.98779296875,797.36328125,3.271
799.98779296875,798.583984375,3.281
799.98779296875,797.9736328125,3.291
799.98779296875,797.36328125,3.301
799.98779296875,797.36328125,3.311
799.98779296875,798.583984375,3.321
799.98779296875,797.36328125,3.331
799.98779296875,798.583984375,3.341
799.98779296875,797.9736328125,3.351
799.98779296875,797.9736328125,3.361
799.98779296875,798.583984375,3.371
799.98779296875,797.9736328125,3.381
799.98779296875,799.1943359375,3.391
799.98779296875,797.36328125,3.401
799.98779296875,798.583984375,3.411
799.98779296875,798.583984375,3.421
799.98779296875,798.583984375,3.431
799.98779296875,797.9736328125,3.441
799.98779296875,799.1943359375,3.451
799.98779296875,798.583984375,3.461
799.98779296875,797.9736328125,3.471
799.98779296875,797.9736328125,3.481
799.98779296875,798.583984375,3.491
799.98779296875,798.583984375,3.501
799.98779296875,799.1943359375,3.511
799.98779296875,798.583984375,3.521
799.98779296875,798.583984375,3.531
799.98779296875,797.9736328125,3.541
799.98779296875,798.583984375,3.551
799.98779296875,799.1943359375,3.561
799.98779296875,798.583984375,3.571
799.98779296875,799.1943359375,3.581
799.98779296875,799.1943359375,3.591
799.98779296875,797.9736328125,3.601
799.98779296875,798.583984375,3.611
799.98779296875,799.1943359375,3.621
799.98779296875,798.583984375,3.631
799.98779296875,797.9736328125,3.641
799.98779296875,799.1943359375,3.651
799.98779296875,798.583984375,3.661
799.98779296875,799.1943359375,3.671
799.98779296875,798.583984375,3.681
799.98779296875,798.583984375,3.691
799.98779296875,798.583984375,3.701
799.98779296875,799.1943359375,3.711
799.98779296875,798.583984375,3.721
799.98779296875,799.8046875,3.731
799.98779296875,798.583984375,3.741
799.98779296875,799.1943359375,3.751
799.98779296875,799.1943359375,3.761
799.98779296875,798.583984375,3.771
799.98779296875,799.1943359375,3.781
799.98779296875,799.1943359375,3.791
799.98779296875,799.1943359375,3.801
799.98779296875,799.8046875,3.811
799.98779296875,799.1943359375,3.821
799.98779296875,798.583984375,3.831
799.98779296875,800.4150390625,3.841
799.98779296875,798.583984375,3.851
799.98779296875,799.1943359375,3.861
799.98779296875,799.8046875,3.871
799.98779296875,799.8046875,3.881
799.98779296875,799.1943359375,3.891
799.98779296875,800.4150390625,3.901
799.98779296875,799.1943359375,3.911
799.98779296875,799.1943359375,3.921
799.98779296875,799.1943359375,3.931
799.98779296875,799.8046875,3.941
799.98779296875,800.4150390625,3.951
799.98779296875,799.1943359375,3.961
799.98779296875,799.1943359375,3.971
799.98779296875,799.8046875,3.981
799.98779296875,799.8046875,3.991
799.98779296875,799.1943359375,4.001
799.98779296875,799.8046875,4.011
799.98779296875,799.8046875,4.021
799.98779296875,799.8046875,4.031
799.98779296875,799.8046875,4.041
799.98779296875,799.8046875,4.051
799.98779296875,799.8046875,4.061
799.98779296875,799.8046875,4.071
799.98779296875,799.1943359375,4.081
799.98779296875,800.4150390625,4.091
799.98779296875,799.8046875,4.101
799.98779296875,799.1943359375,4.111
799.98779296875,800.4150390625,4.121
799.98779296875,799.1943359375,4.131
799.98779296875,799.8046875,4.141
799.98779296875,799.1943359375,4.151
799.98779296875,799.8046875,4.161
799.98779296875,800.4150390625,4.171
799.98779296875,799.8046875,4.181
799.98779296875,799.8046875,4.191
799.98779296875,799.8046875,4.201
799.98779296875,799.8046875,4.211
799.98779296875,799.8046875,4.221
799.98779296875,799.8046875,4.231
799.98779296875,799.1943359375,4.241
799.98779296875,800.4150390625,4.251
799.98779296875,799.8046875,4.261
799.98779296875,799.1943359375,4.271
799.98779296875,799.8046875,4.281
799.98779296875,799.8046875,4.291
799.98779296875,799.1943359375,4.301
799.98779296875,799.8046875,4.311
799.98779296875,799.8046875,4.321
799.98779296875,800.4150390625,4.331
799.98779296875,799.1943359375,4.341
799.98779296875,800.4150390625,4.351
799.98779296875,799.1943359375,4.361
799.98779296875,799.8046875,4.371
799.98779296875,799.1943359375,4.381
799.98779296875,800.4150390625,4.391
799.98779296875,799.8046875,4.401
799.98779296875,799.8046875,4.411
799.98779296875,799.8046875,4.421
799.98779296875,799.1943359375,4.431
799.98779296875,799.8046875,4.441
799.98779296875,799.8046875,4.451
799.98779296875,800.4150390625,4.461
799.98779296875,799.1943359375,4.471
799.98779296875,800.4150390625,4.481
799.98779296875,799.8046875,4.491
799.98779296875,799.8046875,4.501
799.98779296875,799.1943359375,4.511
799.98779296875,800.4150390625,4.521
799.98779296875,799.1943359375,4.531
799.98779296875,799.8046875,4.541
799.98779296875,799.8046875,4.551
799.98779296875,799.8046875,4.561
799.98779296875,799.8046875,4.571
799.98779296875,799.8046875,4.581
799.98779296875,799.1943359375,4.591
799.98779296875,799.1943359375,4.601
799.98779296875,800.4150390625,4.611
799.98779296875,799.8046875,4.621
799.98779296875,800.4150390625,4.631
799.98779296875,799.1943359375,4.641
799.98779296875,799.8046875,4.651
799.98779296875,799.8046875,4.661
799.98779296875,799.8046875,4.671
799.98779296875,799.8046875,4.681
799.98779296875,799.8046875,4.691
799.98779296875,799.1943359375,4.701
799.98779296875,800.4150390625,4.711
799.98779296875,799.1943359375,4.721
799.98779296875,799.8046875,4.731
799.98779296875,799.8046875,4.741
799.98779296875,799.8046875,4.751
799.98779296875,799.1943359375,4.761
799.98779296875,799.8046875,4.771
799.98779296875,800.4150390625,4.781
799.98779296875,799.8046875,4.791
799.98779296875,799.8046875,4.801
799.98779296875,799.8046875,4.811
799.98779296875,799.8046875,4.821
799.98779296875,799.1943359375,4.831
799.98779296875,799.1943359375,4.841
799.98779296875,800.96435546875,4.851
799.98779296875,799.1943359375,4.861
799.98779296875,799.1943359375,4.871
799.98779296875,799.8046875,4.881
799.98779296875,799.8046875,4.891
799.98779296875,799.8046875,4.901
799.98779296875,799.8046875,4.911
799.98779296875,799.8046875,4.921
799.98779296875,799.8046875,4.931
799.98779296875,800.4150390625,4.941
799.98779296875,799.8046875,4.951
799.98779296875,799.8046875,4.961
799.98779296875,799.8046875,4.971
799.98779296875,799.1943359375,4.981
799.98779296875,800.4150390625,4.991
799.98779296875,800.4150390625,5.001
799.98779296875,799.1943359375,5.011
799.98779296875,800.4150390625,5.021
799.98779296875,799.8046875,5.031
799.98779296875,799.8046875,5.041
799.98779296875,799.8046875,5.051
799.98779296875,799.8046875,5.061
799.98779296875,800.4150390625,5.071
799.98779296875,800.4150390625,5.081
799.98779296875,799.8046875,5.091
799.98779296875,799.8046875,5.101
799.98779296875,799.8046875,5.111
799.98779296875,800.4150390625,5.121
799.98779296875,799.8046875,5.131
799.98779296875,799.1943359375,5.141
799.98779296875,800.4150390625,5.151
799.98779296875,800.4150390625,5.161
799.98779296875,799.1943359375,5.171
799.98779296875,799.8046875,5.181
799.98779296875,800.96435546875,5.191
799.98779296875,799.1943359375,5.201
799.98779296875,799.8046875,5.211
799.98779296875,800.4150390625,5.221
799.98779296875,800.4150390625,5.231
799.98779296875,799.8046875,5.241
799.98779296875,799.8046875,5.251
799.98779296875,800.4150390625,5.261
799.98779296875,799.8046875,5.271
799.98779296875,799.1943359375,5.281
799.98779296875,800.4150390625,5.291
799.98779296875,800.96435546875,5.301
799.98779296875,799.1943359375,5.311
799.98779296875,799.8046875,5.321
799.98779296875,800.4150390625,5.331
799.98779296875,799.8046875,5.341
799.98779296875,799.1943359375,5.351
799.98779296875,800.4150390625,5.361
799.98779296875,800.4150390625,5.371
799.98779296875,799.8046875,5.381
799.98779296875,800.4150390625,5.391
799.98779296875,799.8046875,5.401
799.98779296875,799.8046875,5.411
799.98779296875,800.4150390625,5.421
799.98779296875,799.8046875,5.431
799.98779296875,799.8046875,5.441
799.98779296875,799.8046875,5.451
799.98779296875,799.8046875,5.461
799.98779296875,799.8046875,5.471
799.98779296875,799.8046875,5.481
799.98779296875,799.8046875,5.491
799.98779296875,799.8046875,5.501
799.98779296875,799.8046875,5.511
799.98779296875,800.4150390625,5.521
799.98779296875,799.8046875,5.531
799.98779296875,799.8046875,5.541
799.98779296875,799.8046875,5.551
799.98779296875,799.8046875,5.561
799.98779296875,799.8046875,5.571
799.98779296875,799.8046875,5.581
799.98779296875,799.8046875,5.591
799.98779296875,800.4150390625,5.601
799.98779296875,799.8046875,5.611
799.98779296875,799.8046875,5.621
799.98779296875,799.1943359375,5.631
799.98779296875,800.4150390625,5.641
799.98779296875,799.8046875,5.651
799.98779296875,799.8046875,5.661
799.98779296875,799.1943359375,5.671
799.98779296875,800.96435546875,5.681
799.98779296875,799.8046875,5.691
799.98779296875,799.8046875,5.701
799.98779296875,799.8046875,5.711
799.98779296875,799.8046875,5.721
799.98779296875,799.8046875,5.731
799.98779296875,800.4150390625,5.741
799.98779296875,799.8046875,5.751
799.98779296875,799.8046875,5.761
799.98779296875,799.8046875,5.771
799.98779296875,799.8046875,5.781
799.98779296875,799.8046875,5.791
799.98779296875,799.8046875,5.801
799.98779296875,800.4150390625,5.811
799.98779296875,799.8046875,5.821
799.98779296875,800.4150390625,5.831
799.98779296875,799.8046875,5.841
799.98779296875,799.8046875,5.851
799.98779296875,800.4150390625,5.861
799.98779296875,799.8046875,5.871
799.98779296875,799.8046875,5.881
799.98779296875,799.8046875,5.891
799.98779296875,800.4150390625,5.901
799.98779296875,799.8046875,5.911
799.98779296875,800.4150390625,5.921
799.98779296875,799.1943359375,5.931
799.98779296875,799.8046875,5.941
799.98779296875,799.8046875,5.951
799.98779296875,800.4150390625,5.961
799.98779296875,799.8046875,5.971
799.98779296875,800.4150390625,5.981
799.98779296875,799.8046875,5.991
799.98779296875,799.8046875,6.001
799.98779296875,799.8046875,6.011
799.98779296875,800.4150390625,6.021
799.98779296875,799.8046875,6.031
799.98779296875,799.8046875,6.041
799.98779296875,799.8046875,6.051
799.98779296875,799.8046875,6.061
799.98779296875,800.4150390625,6.071
799.98779296875,799.8046875,6.081
799.98779296875,799.8046875,6.091
799.98779296875,799.1943359375,6.101
799.98779296875,799.8046875,6.111
799.98779296875,800.4150390625,6.121
799.98779296875,799.8046875,6.131
799.98779296875,800.4150390625,6.141
799.98779296875,799.8046875,6.151
799.98779296875,799.1943359375,6.161
799.98779296875,800.4150390625,6.171
799.98779296875,799.1943359375,6.181
799.98779296875,800.4150390625,6.191
799.98779296875,800.4150390625,6.201
799.98779296875,799.8046875,6.211
799.98779296875,799.8046875,6.221
799.98779296875,799.8046875,6.231
799.98779296875,799.8046875,6.241
799.98779296875,800.4150390625,6.251
799.98779296875,799.8046875,6.261
799.98779296875,800.4150390625,6.271
799.98779296875,799.8046875,6.281
799.98779296875,800.4150390625,6.291
799.98779296875,799.8046875,6.301
799.98779296875,800.4150390625,6.311
799.98779296875,799.8046875,6.321
799.98779296875,799.8046875,6.331
799.98779296875,799.8046875,6.341
799.98779296875,800.4150390625,6.351
799.98779296875,800.4150390625,6.361
799.98779296875,799.1943359375,6.371
799.98779296875,799.8046875,6.381
799.98779296875,800.4150390625,6.391
799.98779296875,799.8046875,6.401
799.98779296875,799.8046875,6.411
799.98779296875,799.8046875,6.421
799.98779296875,800.96435546875,6.431
799.98779296875,799.8046875,6.441
799.98779296875,799.8046875,6.451
799.98779296875,799.8046875,6.461
799.98779296875,799.8046875,6.471
799.98779296875,799.8046875,6.481
799.98779296875,799.8046875,6.491
799.98779296875,800.4150390625,6.501
799.98779296875,799.8046875,6.511
799.98779296875,799.8046875,6.521
799.98779296875,799.8046875,6.531
799.98779296875,799.8046875,6.541
799.98779296875,799.8046875,6.551
799.98779296875,799.8046875,6.561
799.98779296875,799.8046875,6.571
799.98779296875,800.4150390625,6.581
799.98779296875,800.4150390625,6.591
799.98779296875,799.8046875,6.601
799.98779296875,799.8046875,6.611
799.98779296875,799.8046875,6.621
799.98779296875,799.8046875,6.631
799.98779296875,800.4150390625,6.641
799.98779296875,800.4150390625,6.651
799.98779296875,799.8046875,6.661
799.98779296875,799.1943359375,6.671
799.98779296875,800.4150390625,6.681
799.98779296875,799.8046875,6.691
799.98779296875,800.4150390625,6.701
799.98779296875,799.8046875,6.711
799.98779296875,799.8046875,6.721
799.98779296875,800.4150390625,6.731
799.98779296875,799.8046875,6.741
799.98779296875,800.4150390625,6.751
799.98779296875,800.4150390625,6.761
799.98779296875,799.8046875,6.771
799.98779296875,799.1943359375,6.781
799.98779296875,800.4150390625,6.791
799.98779296875,800.4150390625,6.801
799.98779296875,800.4150390625,6.811
799.98779296875,799.8046875,6.821
799.98779296875,799.1943359375,6.831
799.98779296875,800.4150390625,6.841
799.98779296875,800.4150390625,6.851
799.98779296875,799.8046875,6.861
799.98779296875,800.4150390625,6.871
799.98779296875,800.4150390625,6.881
799.98779296875,799.8046875,6.891
799.98779296875,800.4150390625,6.901
799.98779296875,799.8046875,6.911
799.98779296875,800.4150390625,6.921
799.98779296875,799.8046875,6.931
799.98779296875,799.8046875,6.941
799.98779296875,800.4150390625,6.951
799.98779296875,799.8046875,6.961
799.98779296875,799.8046875,6.971
799.98779296875,800.4150390625,6.981
799.98779296875,799.8046875,6.991
799.98779296875,799.1943359375,7.001
799.98779296875,800.4150390625,7.011
799.98779296875,800.4150390625,7.021
799.98779296875,799.8046875,7.031
799.98779296875,799.8046875,7.041
799.98779296875,800.4150390625,7.051
799.98779296875,799.8046875,7.061
799.98779296875,799.8046875,7.071
799.98779296875,799.8046875,7.081
799.98779296875,800.4150390625,7.091
799.98779296875,799.8046875,7.101
799.98779296875,800.4150390625,7.111
799.98779296875,799.8046875,7.121
799.98779296875,799.8046875,7.131
799.98779296875,799.8046875,7.141
799.98779296875,799.8046875,7.151
799.98779296875,800.4150390625,7.161
799.98779296875,799.8046875,7.171
799.98779296875,800.4150390625,7.181
799.98779296875,799.8046875,7.191
799.98779296875,800.4150390625,7.201
799.98779296875,799.8046875,7.211
799.98779296875,800.4150390625,7.221
799.98779296875,799.1943359375,7.231
799.98779296875,799.8046875,7.241
799.98779296875,800.4150390625,7.251
799.98779296875,800.4150390625,7.261
799.98779296875,799.8046875,7.271
799.98779296875,799.8046875,7.281
799.98779296875,799.8046875,7.291
799.98779296875,799.8046875,7.301
799.98779296875,799.8046875,7.311
799.98779296875,800.4150390625,7.321
799.98779296875,799.8046875,7.331
799.98779296875,799.8046875,7.341
799.98779296875,800.4150390625,7.351
799.98779296875,799.8046875,7.361
799.98779296875,799.8046875,7.371
799.98779296875,799.8046875,7.381
799.98779296875,799.8046875,7.391
799.98779296875,799.8046875,7.401
799.98779296875,800.4150390625,7.411
799.98779296875,799.8046875,7.421
799.98779296875,799.8046875,7.431
799.98779296875,800.4150390625,7.441
799.98779296875,799.1943359375,7.451
799.98779296875,799.8046875,7.461
799.98779296875,800.4150390625,7.471
799.98779296875,799.8046875,7.481
799.98779296875,800.4150390625,7.491
799.98779296875,799.8046875,7.501
799.98779296875,799.8046875,7.511
799.98779296875,800.4150390625,7.521
799.98779296875,799.1943359375,7.531
799.98779296875,800.4150390625,7.541
799.98779296875,800.4150390625,7.551
799.98779296875,799.8046875,7.561
799.98779296875,799.8046875,7.571
799.98779296875,799.8046875,7.581
799.98779296875,799.8046875,7.591
799.98779296875,799.8046875,7.601
799.98779296875,799.8046875,7.611
799.98779296875,799.8046875,7.621
799.98779296875,800.4150390625,7.631
799.98779296875,799.1943359375,7.641
799.98779296875,800.4150390625,7.651
799.98779296875,799.8046875,7.661
799.98779296875,799.8046875,7.671
799.98779296875,799.8046875,7.681
799.98779296875,800.4150390625,7.691
799.98779296875,799.8046875,7.701
799.98779296875,800.4150390625,7.711
799.98779296875,799.8046875,7.721
799.98779296875,799.1943359375,7.731
799.98779296875,799.8046875,7.741
799.98779296875,800.4150390625,7.751
799.98779296875,799.8046875,7.761
799.98779296875,799.8046875,7.771
799.98779296875,800.4150390625,7.781
799.98779296875,800.4150390625,7.791
799.98779296875,799.8046875,7.801
799.98779296875,799.8046875,7.811
799.98779296875,800.4150390625,7.821
799.98779296875,799.8046875,7.831
799.98779296875,799.8046875,7.841
799.98779296875,800.4150390625,7.851
799.98779296875,800.4150390625,7.861
799.98779296875,799.1943359375,7.871
799.98779296875,800.4150390625,7.881
799.98779296875,799.8046875,7.891
799.98779296875,799.1943359375,7.901
799.98779296875,800.4150390625,7.911
799.98779296875,800.4150390625,7.921
799.98779296875,800.4150390625,7.931
799.98779296875,799.8046875,7.941
799.98779296875,799.8046875,7.951
799.98779296875,800.4150390625,7.961
799.98779296875,799.8046875,7.971
799.98779296875,799.1943359375,7.981
799.98779296875,800.96435546875,7.991
799.98779296875,799.8046875,8.001
799.98779296875,799.8046875,8.011
799.98779296875,799.8046875,8.021
799.98779296875,799.8046875,8.031
799.98779296875,799.8046875,8.041
799.98779296875,799.8046875,8.051
799.98779296875,799.8046875,8.061
799.98779296875,800.4150390625,8.071
799.98779296875,799.8046875,8.081
799.98779296875,799.8046875,8.091
799.98779296875,800.96435546875,8.101
799.98779296875,799.8046875,8.111
799.98779296875,799.1943359375,8.121
799.98779296875,799.8046875,8.131
799.98779296875,800.4150390625,8.141
799.98779296875,799.8046875,8.151
799.98779296875,800.4150390625,8.161
799.98779296875,799.1943359375,8.171
799.98779296875,799.8046875,8.181
799.98779296875,799.8046875,8.191
799.98779296875,799.8046875,8.201
799.98779296875,800.4150390625,8.211
799.98779296875,799.8046875,8.221
799.98779296875,799.8046875,8.231
799.98779296875,800.4150390625,8.241
799.98779296875,799.8046875,8.251
799.98779296875,799.8046875,8.261
799.98779296875,800.4150390625,8.271
799.98779296875,799.8046875,8.281
799.98779296875,799.8046875,8.291
799.98779296875,800.4150390625,8.301
799.98779296875,799.8046875,8.311
799.98779296875,799.8046875,8.321
799.98779296875,800.4150390625,8.331
799.98779296875,799.8046875,8.341
799.98779296875,799.8046875,8.351
799.98779296875,799.8046875,8.361
799.98779296875,800.4150390625,8.371
799.98779296875,800.4150390625,8.381
799.98779296875,799.8046875,8.391
799.98779296875,800.4150390625,8.401
799.98779296875,799.8046875,8.411
799.98779296875,799.8046875,8.421
799.98779296875,799.8046875,8.431
799.98779296875,800.4150390625,8.441
799.98779296875,797.36328125,8.451
799.98779296875,800.96435546875,8.461
799.98779296875,800.96435546875,8.471
799.98779296875,799.1943359375,8.481
799.98779296875,799.8046875,8.491
799.98779296875,799.1943359375,8.501
799.98779296875,800.4150390625,8.511
799.98779296875,799.8046875,8.521
799.98779296875,802.79541015625,8.531
799.98779296875,799.1943359375,8.541
799.98779296875,799.8046875,8.551
799.98779296875,799.8046875,8.561
799.98779296875,800.4150390625,8.571
799.98779296875,799.8046875,8.581
799.98779296875,800.4150390625,8.591
799.98779296875,799.8046875,8.601
799.98779296875,800.96435546875,8.611
799.98779296875,799.8046875,8.621
799.98779296875,799.1943359375,8.631
799.98779296875,800.4150390625,8.641
799.98779296875,799.1943359375,8.651
799.98779296875,800.4150390625,8.661
799.98779296875,800.4150390625,8.671
799.98779296875,800.4150390625,8.681
799.98779296875,799.8046875,8.691
799.98779296875,800.4150390625,8.701
799.98779296875,799.8046875,8.711
799.98779296875,800.4150390625,8.721
799.98779296875,799.8046875,8.731
799.98779296875,799.8046875,8.741
799.98779296875,800.4150390625,8.751
799.98779296875,799.8046875,8.761
799.98779296875,800.4150390625,8.771
799.98779296875,799.8046875,8.781
799.98779296875,799.1943359375,8.791
799.98779296875,800.4150390625,8.801
799.98779296875,799.8046875,8.811
799.98779296875,799.8046875,8.821
799.98779296875,800.4150390625,8.831
799.98779296875,800.4150390625,8.841
799.98779296875,799.8046875,8.851
799.98779296875,799.8046875,8.861
799.98779296875,799.8046875,8.871
799.98779296875,799.8046875,8.881
799.98779296875,800.4150390625,8.891
799.98779296875,800.4150390625,8.901
799.98779296875,799.8046875,8.911
799.98779296875,799.8046875,8.921
799.98779296875,800.4150390625,8.931
799.98779296875,799.8046875,8.941
799.98779296875,799.1943359375,8.951
799.98779296875,799.8046875,8.961
799.98779296875,799.8046875,8.971
799.98779296875,800.4150390625,8.981
799.98779296875,799.1943359375,8.991
799.98779296875,800.4150390625,9.001
799.98779296875,799.8046875,9.011
799.98779296875,799.8046875,9.021
799.98779296875,799.8046875,9.031
799.98779296875,799.8046875,9.041
799.98779296875,800.4150390625,9.051
799.98779296875,799.1943359375,9.061
799.98779296875,799.8046875,9.071
799.98779296875,799.8046875,9.081
799.98779296875,799.8046875,9.091
799.98779296875,799.8046875,9.101
799.98779296875,800.4150390625,9.111
799.98779296875,799.1943359375,9.121
799.98779296875,800.4150390625,9.131
799.98779296875,800.4150390625,9.141
799.98779296875,800.4150390625,9.151
799.98779296875,799.1943359375,9.161
799.98779296875,800.4150390625,9.171
799.98779296875,799.8046875,9.181
799.98779296875,799.8046875,9.191
799.98779296875,800.96435546875,9.201
799.98779296875,799.8046875,9.211
799.98779296875,799.8046875,9.221
799.98779296875,800.4150390625,9.231
799.98779296875,799.8046875,9.241
799.98779296875,799.1943359375,9.251
799.98779296875,799.8046875,9.261
799.98779296875,800.4150390625,9.271
799.98779296875,800.96435546875,9.281
799.98779296875,799.8046875,9.291
799.98779296875,800.4150390625,9.301
799.98779296875,799.8046875,9.311
799.98779296875,799.8046875,9.321
799.98779296875,800.4150390625,9.331
799.98779296875,799.8046875,9.341
799.98779296875,799.8046875,9.351
799.98779296875,800.4150390625,9.361
799.98779296875,799.8046875,9.371
799.98779296875,799.8046875,9.381
799.98779296875,800.4150390625,9.391
799.98779296875,799.8046875,9.401
799.98779296875,799.8046875,9.411
799.98779296875,799.8046875,9.421
799.98779296875,800.4150390625,9.431
799.98779296875,800.4150390625,9.441
799.98779296875,799.8046875,9.451
799.98779296875,799.8046875,9.461
799.98779296875,799.8046875,9.471
799.98779296875,800.4150390625,9.481
799.98779296875,799.8046875,9.491
799.98779296875,800.4150390625,9.501
799.98779296875,800.4150390625,9.511
799.98779296875,799.8046875,9.521
799.98779296875,799.1943359375,9.531
799.98779296875,800.4150390625,9.541
799.98779296875,799.8046875,9.551
799.98779296875,799.8046875,9.561
799.98779296875,800.4150390625,9.571
799.98779296875,800.4150390625,9.581
799.98779296875,799.8046875,9.591
799.98779296875,799.8046875,9.601
799.98779296875,800.4150390625,9.611
799.98779296875,800.4150390625,9.621
799.98779296875,799.1943359375,9.631
799.98779296875,799.8046875,9.641
799.98779296875,800.4150390625,9.651
799.98779296875,799.8046875,9.661
799.98779296875,799.8046875,9.671
799.98779296875,799.8046875,9.681
799.98779296875,799.8046875,9.691
799.98779296875,799.8046875,9.701
799.98779296875,799.8046875,9.711
799.98779296875,799.8046875,9.721
799.98779296875,800.96435546875,9.731
799.98779296875,799.1943359375,9.741
799.98779296875,800.4150390625,9.751
799.98779296875,799.1943359375,9.761
799.98779296875,800.4150390625,9.771
799.98779296875,799.8046875,9.781
799.98779296875,799.8046875,9.791
799.98779296875,800.4150390625,9.801
799.98779296875,799.8046875,9.811
799.98779296875,799.8046875,9.821
799.98779296875,799.8046875,9.831
799.98779296875,799.8046875,9.841
799.98779296875,799.1943359375,9.851
799.98779296875,799.8046875,9.861
799.98779296875,800.4150390625,9.871
799.98779296875,800.4150390625,9.881
799.98779296875,799.8046875,9.891
799.98779296875,800.4150390625,9.901
799.98779296875,800.4150390625,9.911
799.98779296875,799.8046875,9.921
799.98779296875,799.1943359375,9.931
799.98779296875,800.4150390625,9.941
799.98779296875,800.96435546875,9.951
799.98779296875,799.8046875,9.961
799.98779296875,799.1943359375,9.971
799.98779296875,799.8046875,9.981
799.98779296875,800.4150390625,9.991
799.98779296875,799.1943359375,10.001
799.98779296875,800.4150390625,10.011
799.98779296875,799.8046875,10.021
799.98779296875,800.96435546875,10.031
799.98779296875,799.8046875,10.041
799.98779296875,799.8046875,10.051
799.98779296875,799.8046875,10.061
799.98779296875,800.4150390625,10.071
799.98779296875,799.8046875,10.081
799.98779296875,799.8046875,10.091
799.98779296875,800.4150390625,10.101
799.98779296875,799.8046875,10.111
799.98779296875,800.4150390625,10.121
799.98779296875,799.8046875,10.131
799.98779296875,799.8046875,10.141
799.98779296875,799.8046875,10.151
799.98779296875,799.8046875,10.161
799.98779296875,800.4150390625,10.171
799.98779296875,800.96435546875,10.181
799.98779296875,799.1943359375,10.191
799.98779296875,800.4150390625,10.201
799.98779296875,800.4150390625,10.211
799.98779296875,799.8046875,10.221
799.98779296875,799.8046875,10.231
799.98779296875,799.8046875,10.241
799.98779296875,800.4150390625,10.251
799.98779296875,800.4150390625,10.261
799.98779296875,799.1943359375,10.271
799.98779296875,799.8046875,10.281
799.98779296875,799.8046875,10.291
799.98779296875,799.8046875,10.301
799.98779296875,799.8046875,10.311
799.98779296875,799.8046875,10.321
799.98779296875,800.4150390625,10.331
799.98779296875,800.4150390625,10.341
799.98779296875,799.8046875,10.351
799.98779296875,799.1943359375,10.361
799.98779296875,800.4150390625,10.371
799.98779296875,799.8046875,10.381
799.98779296875,799.8046875,10.391
799.98779296875,800.4150390625,10.401
799.98779296875,799.8046875,10.411
799.98779296875,799.8046875,10.421
799.98779296875,799.8046875,10.431
799.98779296875,799.8046875,10.441
799.98779296875,799.8046875,10.451
799.98779296875,799.8046875,10.461
799.98779296875,799.8046875,10.471
799.98779296875,800.4150390625,10.481
799.98779296875,799.8046875,10.491
799.98779296875,799.8046875,10.501
799.98779296875,800.4150390625,10.511
799.98779296875,799.8046875,10.521
799.98779296875,799.8046875,10.531
799.98779296875,799.8046875,10.541
799.98779296875,799.8046875,10.551
799.98779296875,800.4150390625,10.561
799.98779296875,799.8046875,10.571
799.98779296875,799.1943359375,10.581
799.98779296875,799.8046875,10.591
799.98779296875,800.4150390625,10.601
799.98779296875,799.1943359375,10.611
799.98779296875,800.4150390625,10.621
799.98779296875,800.4150390625,10.631
799.98779296875,799.8046875,10.641
799.98779296875,799.8046875,10.651
799.98779296875,799.8046875,10.661
799.98779296875,800.4150390625,10.671
799.98779296875,799.8046875,10.681
799.98779296875,800.4150390625,10.691
799.98779296875,799.8046875,10.701
799.98779296875,800.4150390625,10.711
799.98779296875,799.8046875,10.721
799.98779296875,799.1943359375,10.731
799.98779296875,799.8046875,10.741
799.98779296875,799.8046875,10.751
799.98779296875,799.8046875,10.761
799.98779296875,799.8046875,10.771
799.98779296875,800.4150390625,10.781
799.98779296875,799.8046875,10.791
799.98779296875,799.8046875,10.801
799.98779296875,799.8046875,10.811
799.98779296875,799.8046875,10.821
799.98779296875,799.8046875,10.831
799.98779296875,800.4150390625,10.841
799.98779296875,800.4150390625,10.851
799.98779296875,799.8046875,10.861
799.98779296875,799.1943359375,10.871
799.98779296875,799.8046875,10.881
799.98779296875,800.4150390625,10.891
799.98779296875,799.8046875,10.901
799.98779296875,799.8046875,10.911
799.98779296875,799.8046875,10.921
799.98779296875,800.96435546875,10.931
799.98779296875,799.8046875,10.941
799.98779296875,799.8046875,10.951
799.98779296875,800.4150390625,10.961
799.98779296875,799.8046875,10.971
799.98779296875,799.1943359375,10.981
799.98779296875,799.8046875,10.991
799.98779296875,800.4150390625,11.001
799.98779296875,799.8046875,11.011
799.98779296875,799.8046875,11.021
799.98779296875,799.8046875,11.031
799.98779296875,799.8046875,11.041
799.98779296875,799.8046875,11.051
799.98779296875,799.8046875,11.061
799.98779296875,800.4150390625,11.071
799.98779296875,800.4150390625,11.081
799.98779296875,799.8046875,11.091
799.98779296875,799.8046875,11.101
799.98779296875,800.4150390625,11.111
799.98779296875,799.8046875,11.121
799.98779296875,800.4150390625,11.131
799.98779296875,799.8046875,11.141
799.98779296875,800.4150390625,11.151
799.98779296875,799.8046875,11.161
799.98779296875,799.8046875,11.171
799.98779296875,800.4150390625,11.181
799.98779296875,799.8046875,11.191
799.98779296875,799.1943359375,11.201
799.98779296875,800.4150390625,11.211
799.98779296875,799.8046875,11.221
799.98779296875,800.4150390625,11.231
799.98779296875,800.4150390625,11.241
799.98779296875,799.8046875,11.251
799.98779296875,799.8046875,11.261
799.98779296875,800.4150390625,11.271
799.98779296875,799.8046875,11.281
799.98779296875,800.4150390625,11.291
799.98779296875,800.4150390625,11.301
799.98779296875,799.8046875,11.311
799.98779296875,799.8046875,11.321
799.98779296875,799.8046875,11.331
799.98779296875,800.4150390625,11.341
799.98779296875,799.8046875,11.351
799.98779296875,799.8046875,11.361
799.98779296875,799.8046875,11.371
799.98779296875,800.4150390625,11.381
799.98779296875,800.4150390625,11.391
799.98779296875,799.8046875,11.401
799.98779296875,799.8046875,11.411
799.98779296875,800.4150390625,11.421
799.98779296875,799.8046875,11.431
799.98779296875,799.8046875,11.441
799.98779296875,800.4150390625,11.451
799.98779296875,800.4150390625,11.461
799.98779296875,799.1943359375,11.471
799.98779296875,799.8046875,11.481
799.98779296875,800.4150390625,11.491
799.98779296875,799.1943359375,11.501
799.98779296875,799.8046875,11.511
799.98779296875,800.4150390625,11.521
799.98779296875,800.4150390625,11.531
799.98779296875,799.8046875,11.541
799.98779296875,799.8046875,11.551
799.98779296875,799.8046875,11.561
799.98779296875,799.8046875,11.571
799.98779296875,799.8046875,11.581
799.98779296875,800.4150390625,11.591
799.98779296875,799.8046875,11.601
799.98779296875,799.8046875,11.611
799.98779296875,799.8046875,11.621
799.98779296875,799.8046875,11.631
799.98779296875,799.8046875,11.641
799.98779296875,799.8046875,11.651
799.98779296875,799.8046875,11.661
799.98779296875,799.8046875,11.671
799.98779296875,800.4150390625,11.681
799.98779296875,800.4150390625,11.691
799.98779296875,799.8046875,11.701
799.98779296875,799.8046875,11.711
799.98779296875,799.8046875,11.721
799.98779296875,799.8046875,11.731
799.98779296875,800.4150390625,11.741
799.98779296875,799.8046875,11.751
799.98779296875,799.8046875,11.761
799.98779296875,799.8046875,11.771
799.98779296875,799.1943359375,11.781
799.98779296875,800.4150390625,11.791
799.98779296875,799.8046875,11.801
799.98779296875,799.1943359375,11.811
799.98779296875,800.4150390625,11.821
799.98779296875,800.4150390625,11.831
799.98779296875,799.8046875,11.841
799.98779296875,799.8046875,11.851
799.98779296875,799.8046875,11.861
799.98779296875,800.4150390625,11.871
799.98779296875,799.1943359375,11.881
799.98779296875,800.4150390625,11.891
799.98779296875,799.8046875,11.901
799.98779296875,800.4150390625,11.911
799.98779296875,799.8046875,11.921
799.98779296875,799.8046875,11.931
799.98779296875,799.8046875,11.941
799.98779296875,799.1943359375,11.951
799.98779296875,800.4150390625,11.961
799.98779296875,800.4150390625,11.971
799.98779296875,799.8046875,11.981
799.98779296875,799.8046875,11.991
799.98779296875,800.4150390625,12.001
799.98779296875,799.8046875,12.011
799.98779296875,799.8046875,12.021
799.98779296875,800.4150390625,12.031
799.98779296875,799.8046875,12.041
799.98779296875,799.8046875,12.051
799.98779296875,800.4150390625,12.061
799.98779296875,799.8046875,12.071
799.98779296875,799.8046875,12.081
799.98779296875,799.8046875,12.091
799.98779296875,799.8046875,12.101
799.98779296875,799.8046875,12.111
799.98779296875,800.4150390625,12.121
799.98779296875,800.4150390625,12.131
799.98779296875,800.4150390625,12.141
799.98779296875,799.8046875,12.151
799.98779296875,800.4150390625,12.161
799.98779296875,799.8046875,12.171
799.98779296875,799.8046875,12.181
799.98779296875,800.4150390625,12.191
799.98779296875,800.96435546875,12.201
799.98779296875,799.8046875,12.211
799.98779296875,799.1943359375,12.221
799.98779296875,800.4150390625,12.231
799.98779296875,800.4150390625,12.241
799.98779296875,799.8046875,12.251
799.98779296875,799.8046875,12.261
799.98779296875,799.8046875,12.271
799.98779296875,800.4150390625,12.281
799.98779296875,800.4150390625,12.291
799.98779296875,799.8046875,12.301
799.98779296875,800.4150390625,12.311
799.98779296875,799.8046875,12.321
799.98779296875,799.8046875,12.331
799.98779296875,800.4150390625,12.341
799.98779296875,799.8046875,12.351
799.98779296875,800.4150390625,12.361
799.98779296875,800.4150390625,12.371
799.98779296875,799.1943359375,12.381
799.98779296875,799.8046875,12.391
799.98779296875,800.4150390625,12.401
799.98779296875,799.8046875,12.411
799.98779296875,799.8046875,12.421
799.98779296875,800.4150390625,12.431
799.98779296875,800.4150390625,12.441
799.98779296875,799.8046875,12.451
799.98779296875,799.8046875,12.461
799.98779296875,800.4150390625,12.471
799.98779296875,799.1943359375,12.481
799.98779296875,800.4150390625,12.491
799.98779296875,800.4150390625,12.501
799.98779296875,800.4150390625,12.511
799.98779296875,799.1943359375,12.521
799.98779296875,800.4150390625,12.531
799.98779296875,799.8046875,12.541
799.98779296875,799.8046875,12.551
799.98779296875,799.8046875,12.561
799.98779296875,799.8046875,12.571
799.98779296875,800.4150390625,12.581
799.98779296875,800.4150390625,12.591
799.98779296875,799.8046875,12.601
799.98779296875,799.8046875,12.611
799.98779296875,799.8046875,12.621
799.98779296875,799.8046875,12.631
799.98779296875,800.4150390625,12.641
799.98779296875,799.8046875,12.651
799.98779296875,799.8046875,12.661
799.98779296875,800.4150390625,12.671
799.98779296875,799.1943359375,12.681
799.98779296875,800.4150390625,12.691
799.98779296875,799.8046875,12.701
799.98779296875,799.8046875,12.711
799.98779296875,799.8046875,12.721
799.98779296875,800.4150390625,12.731
799.98779296875,800.4150390625,12.741
799.98779296875,799.8046875,12.751
799.98779296875,799.8046875,12.761
799.98779296875,800.4150390625,12.771
799.98779296875,799.1943359375,12.781
799.98779296875,800.4150390625,12.791
799.98779296875,799.8046875,12.801
799.98779296875,800.96435546875,12.811
799.98779296875,799.1943359375,12.821
799.98779296875,799.8046875,12.831
799.98779296875,799.8046875,12.841
799.98779296875,799.8046875,12.851
799.98779296875,799.8046875,12.861
799.98779296875,800.4150390625,12.871
799.98779296875,800.4150390625,12.881
799.98779296875,799.8046875,12.891
799.98779296875,799.8046875,12.901
799.98779296875,799.8046875,12.911
799.98779296875,800.96435546875,12.921
799.98779296875,799.1943359375,12.931
799.98779296875,800.4150390625,12.941
799.98779296875,799.8046875,12.951
799.98779296875,800.4150390625,12.961
799.98779296875,799.8046875,12.971
799.98779296875,799.8046875,12.981
799.98779296875,799.8046875,12.991
799.98779296875,799.1943359375,13.001
799.98779296875,800.4150390625,13.011
799.98779296875,799.8046875,13.021
799.98779296875,800.4150390625,13.031
799.98779296875,799.8046875,13.041
799.98779296875,799.8046875,13.051
799.98779296875,799.8046875,13.061
799.98779296875,799.8046875,13.071
799.98779296875,799.8046875,13.081
799.98779296875,800.4150390625,13.091
799.98779296875,799.8046875,13.101
799.98779296875,799.8046875,13.111
799.98779296875,800.4150390625,13.121
799.98779296875,799.8046875,13.131
799.98779296875,799.8046875,13.141
799.98779296875,799.8046875,13.151
799.98779296875,799.8046875,13.161
799.98779296875,799.8046875,13.171
799.98779296875,800.4150390625,13.181
799.98779296875,800.4150390625,13.191
799.98779296875,799.8046875,13.201
799.98779296875,799.8046875,13.211
799.98779296875,800.4150390625,13.221
799.98779296875,799.8046875,13.231
799.98779296875,799.8046875,13.241
799.98779296875,800.4150390625,13.251
799.98779296875,800.4150390625,13.261
799.98779296875,799.8046875,13.271
799.98779296875,799.1943359375,13.281
799.98779296875,800.4150390625,13.291
799.98779296875,799.8046875,13.301
799.98779296875,799.8046875,13.311
799.98779296875,799.8046875,13.321
799.98779296875,800.4150390625,13.331
799.98779296875,799.8046875,13.341
799.98779296875,800.4150390625,13.351
799.98779296875,799.8046875,13.361
799.98779296875,799.8046875,13.371
799.98779296875,799.8046875,13.381
799.98779296875,800.4150390625,13.391
799.98779296875,799.8046875,13.401
799.98779296875,800.4150390625,13.411
799.98779296875,799.8046875,13.421
799.98779296875,799.8046875,13.431
799.98779296875,799.8046875,13.441
799.98779296875,799.1943359375,13.451
799.98779296875,800.4150390625,13.461
799.98779296875,799.8046875,13.471
799.98779296875,800.4150390625,13.481
799.98779296875,799.8046875,13.491
799.98779296875,799.8046875,13.501
799.98779296875,800.4150390625,13.511
799.98779296875,799.8046875,13.521
799.98779296875,800.4150390625,13.531
799.98779296875,800.4150390625,13.541
799.98779296875,799.8046875,13.551
799.98779296875,800.4150390625,13.561
799.98779296875,799.8046875,13.571
799.98779296875,799.8046875,13.581
799.98779296875,800.4150390625,13.591
799.98779296875,799.8046875,13.601
799.98779296875,799.8046875,13.611
799.98779296875,799.8046875,13.621
799.98779296875,800.4150390625,13.631
799.98779296875,800.4150390625,13.641
799.98779296875,800.4150390625,13.651
799.98779296875,799.1943359375,13.661
799.98779296875,799.8046875,13.671
799.98779296875,800.4150390625,13.681
799.98779296875,800.4150390625,13.691
799.98779296875,800.4150390625,13.701
799.98779296875,801.57470703125,13.711
799.98779296875,802.18505859375,13.721
799.98779296875,802.79541015625,13.731
799.98779296875,804.01611328125,13.741
799.98779296875,804.01611328125,13.751
799.98779296875,805.7861328125,13.761
799.98779296875,805.17578125,13.771
799.98779296875,805.7861328125,13.781
799.98779296875,807.0068359375,13.791
799.98779296875,807.0068359375,13.801
799.98779296875,806.396484375,13.811
799.98779296875,807.6171875,13.821
799.98779296875,807.6171875,13.831
799.98779296875,807.6171875,13.841
799.98779296875,808.16650390625,13.851
799.98779296875,808.77685546875,13.861
799.98779296875,808.77685546875,13.871
799.98779296875,807.6171875,13.881
799.98779296875,808.77685546875,13.891
799.98779296875,808.16650390625,13.901
799.98779296875,808.77685546875,13.911
799.98779296875,808.77685546875,13.921
799.98779296875,809.38720703125,13.931
799.98779296875,808.16650390625,13.941
799.98779296875,808.16650390625,13.951
799.98779296875,808.77685546875,13.961
799.98779296875,807.6171875,13.971
799.98779296875,807.6171875,13.981
799.98779296875,807.6171875,13.991
799.98779296875,808.16650390625,14.001
799.98779296875,807.0068359375,14.011
799.98779296875,807.6171875,14.021
799.98779296875,807.0068359375,14.031
799.98779296875,807.0068359375,14.041
799.98779296875,805.7861328125,14.051
799.98779296875,806.396484375,14.061
799.98779296875,806.396484375,14.071
799.98779296875,806.396484375,14.081
799.98779296875,806.396484375,14.091
799.98779296875,805.17578125,14.101
799.98779296875,805.17578125,14.111
799.98779296875,805.17578125,14.121
799.98779296875,804.5654296875,14.131
799.98779296875,805.17578125,14.141
799.98779296875,805.17578125,14.151
799.98779296875,804.01611328125,14.161
799.98779296875,804.5654296875,14.171
799.98779296875,804.01611328125,14.181
799.98779296875,804.01611328125,14.191
799.98779296875,803.40576171875,14.201
799.98779296875,804.01611328125,14.211
799.98779296875,803.40576171875,14.221
799.98779296875,803.40576171875,14.231
799.98779296875,802.79541015625,14.241
799.98779296875,803.40576171875,14.251
799.98779296875,802.18505859375,14.261
799.98779296875,802.79541015625,14.271
799.98779296875,802.18505859375,14.281
799.98779296875,802.18505859375,14.291
799.98779296875,802.18505859375,14.301
799.98779296875,802.18505859375,14.311
799.98779296875,802.79541015625,14.321
799.98779296875,801.57470703125,14.331
799.98779296875,800.96435546875,14.341
799.98779296875,801.57470703125,14.351
799.98779296875,801.57470703125,14.361
799.98779296875,801.57470703125,14.371
799.98779296875,801.57470703125,14.381
799.98779296875,800.96435546875,14.391
799.98779296875,800.96435546875,14.401
799.98779296875,800.96435546875,14.411
799.98779296875,800.4150390625,14.421
799.98779296875,800.96435546875,14.431
799.98779296875,800.96435546875,14.441
799.98779296875,800.96435546875,14.451
799.98779296875,800.96435546875,14.461
799.98779296875,800.96435546875,14.471
799.98779296875,800.4150390625,14.481
799.98779296875,800.4150390625,14.491
799.98779296875,800.4150390625,14.501
799.98779296875,800.4150390625,14.511
799.98779296875,797.9736328125,14.521
799.98779296875,801.57470703125,14.531
799.98779296875,800.96435546875,14.541
799.98779296875,800.4150390625,14.551
799.98779296875,800.4150390625,14.561
799.98779296875,799.8046875,14.571
799.98779296875,800.4150390625,14.581
799.98779296875,799.8046875,14.591
799.98779296875,804.01611328125,14.601
799.98779296875,799.8046875,14.611
799.98779296875,799.8046875,14.621
799.98779296875,799.8046875,14.631
799.98779296875,800.4150390625,14.641
799.98779296875,799.8046875,14.651
799.98779296875,800.4150390625,14.661
799.98779296875,799.8046875,14.671
799.98779296875,800.4150390625,14.681
799.98779296875,800.4150390625,14.691
799.98779296875,799.8046875,14.701
799.98779296875,799.8046875,14.711
799.98779296875,799.8046875,14.721
799.98779296875,800.4150390625,14.731
799.98779296875,799.8046875,14.741
799.98779296875,800.4150390625,14.751
799.98779296875,800.4150390625,14.761
799.98779296875,800.4150390625,14.771
799.98779296875,799.8046875,14.781
799.98779296875,799.8046875,14.791
799.98779296875,799.8046875,14.801
799.98779296875,799.8046875,14.811
799.98779296875,800.4150390625,14.821
799.98779296875,800.4150390625,14.831
799.98779296875,799.8046875,14.841
799.98779296875,799.8046875,14.851
799.98779296875,799.8046875,14.861
799.98779296875,799.8046875,14.871
799.98779296875,799.8046875,14.881
799.98779296875,799.1943359375,14.891
799.98779296875,800.4150390625,14.901
799.98779296875,800.4150390625,14.911
799.98779296875,799.8046875,14.921
799.98779296875,799.8046875,14.931
799.98779296875,799.8046875,14.941
799.98779296875,799.8046875,14.951
799.98779296875,799.8046875,14.961
799.98779296875,800.4150390625,14.971
799.98779296875,799.8046875,14.981
799.98779296875,799.8046875,14.991
799.98779296875,800.4150390625,15.001
799.98779296875,799.1943359375,15.011
799.98779296875,799.8046875,15.021
799.98779296875,799.8046875,15.031
799.98779296875,799.8046875,15.041
799.98779296875,800.4150390625,15.051
799.98779296875,800.4150390625,15.061
799.98779296875,799.8046875,15.071
799.98779296875,799.8046875,15.081
799.98779296875,799.8046875,15.091
799.98779296875,799.8046875,15.101
799.98779296875,799.8046875,15.111
799.98779296875,800.4150390625,15.121
799.98779296875,799.8046875,15.131
799.98779296875,800.4150390625,15.141
799.98779296875,799.8046875,15.151
799.98779296875,799.8046875,15.161
799.98779296875,799.8046875,15.171
799.98779296875,799.8046875,15.181
799.98779296875,799.8046875,15.191
799.98779296875,800.96435546875,15.201
799.98779296875,799.8046875,15.211
799.98779296875,800.4150390625,15.221
799.98779296875,800.4150390625,15.231
799.98779296875,799.8046875,15.241
799.98779296875,799.1943359375,15.251
799.98779296875,800.4150390625,15.261
799.98779296875,800.4150390625,15.271
799.98779296875,800.4150390625,15.281
799.98779296875,799.8046875,15.291
799.98779296875,799.8046875,15.301
799.98779296875,800.4150390625,15.311
799.98779296875,799.1943359375,15.321
799.98779296875,800.4150390625,15.331
799.98779296875,799.8046875,15.341
799.98779296875,800.4150390625,15.351
799.98779296875,800.4150390625,15.361
799.98779296875,800.4150390625,15.371
799.98779296875,799.8046875,15.381
799.98779296875,799.8046875,15.391
799.98779296875,799.8046875,15.401
799.98779296875,799.8046875,15.411
799.98779296875,800.4150390625,15.421
799.98779296875,799.8046875,15.431
799.98779296875,800.4150390625,15.441
799.98779296875,799.8046875,15.451
799.98779296875,799.8046875,15.461
799.98779296875,799.1943359375,15.471
799.98779296875,799.8046875,15.481
799.98779296875,799.8046875,15.491
799.98779296875,800.96435546875,15.501
799.98779296875,799.8046875,15.511
799.98779296875,800.4150390625,15.521
799.98779296875,799.8046875,15.531
799.98779296875,799.8046875,15.541
799.98779296875,799.1943359375,15.551
799.98779296875,800.4150390625,15.561
799.98779296875,800.4150390625,15.571
799.98779296875,800.4150390625,15.581
799.98779296875,799.8046875,15.591
799.98779296875,799.8046875,15.601
799.98779296875,800.4150390625,15.611
799.98779296875,799.1943359375,15.621
799.98779296875,799.8046875,15.631
799.98779296875,799.8046875,15.641
799.98779296875,800.4150390625,15.651
799.98779296875,800.4150390625,15.661
799.98779296875,800.4150390625,15.671
799.98779296875,799.1943359375,15.681
799.98779296875,799.8046875,15.691
799.98779296875,799.8046875,15.701
799.98779296875,799.8046875,15.711
799.98779296875,800.4150390625,15.721
799.98779296875,800.4150390625,15.731
799.98779296875,799.8046875,15.741
799.98779296875,799.8046875,15.751
799.98779296875,799.8046875,15.761
799.98779296875,799.8046875,15.771
799.98779296875,800.4150390625,15.781
799.98779296875,799.8046875,15.791
799.98779296875,800.4150390625,15.801
799.98779296875,799.8046875,15.811
799.98779296875,800.4150390625,15.821
799.98779296875,799.8046875,15.831
799.98779296875,800.4150390625,15.841
799.98779296875,799.1943359375,15.851
799.98779296875,799.8046875,15.861
799.98779296875,800.4150390625,15.871
799.98779296875,799.8046875,15.881
799.98779296875,800.4150390625,15.891
799.98779296875,799.8046875,15.901
799.98779296875,799.8046875,15.911
799.98779296875,799.8046875,15.921
799.98779296875,799.8046875,15.931
799.98779296875,799.8046875,15.941
799.98779296875,800.96435546875,15.951
799.98779296875,799.8046875,15.961
799.98779296875,799.8046875,15.971
799.98779296875,800.4150390625,15.981
799.98779296875,799.8046875,15.991
799.98779296875,799.8046875,16.001
799.98779296875,799.8046875,16.011
799.98779296875,797.9736328125,16.021
799.98779296875,800.4150390625,16.031
799.98779296875,800.4150390625,16.041
799.98779296875,800.4150390625,16.051
799.98779296875,799.8046875,16.061
799.98779296875,799.8046875,16.071
799.98779296875,799.8046875,16.081
799.98779296875,799.8046875,16.091
799.98779296875,802.79541015625,16.101
799.98779296875,799.8046875,16.111
799.98779296875,800.4150390625,16.121
799.98779296875,799.8046875,16.131
799.98779296875,799.8046875,16.141
799.98779296875,799.1943359375,16.151
799.98779296875,800.4150390625,16.161
799.98779296875,800.4150390625,16.171
799.98779296875,799.8046875,16.181
799.98779296875,799.8046875,16.191
799.98779296875,800.4150390625,16.201
799.98779296875,799.8046875,16.211
799.98779296875,799.1943359375,16.221
799.98779296875,799.8046875,16.231
799.98779296875,800.4150390625,16.241
799.98779296875,799.8046875,16.251
799.98779296875,800.4150390625,16.261
799.98779296875,799.8046875,16.271
799.98779296875,800.4150390625,16.281
799.98779296875,799.8046875,16.291
799.98779296875,799.1943359375,16.301
799.98779296875,799.8046875,16.311
799.98779296875,800.4150390625,16.321
799.98779296875,800.4150390625,16.331
799.98779296875,799.8046875,16.341
799.98779296875,799.8046875,16.351
799.98779296875,799.8046875,16.361
799.98779296875,799.8046875,16.371
799.98779296875,799.8046875,16.381
799.98779296875,799.8046875,16.391
799.98779296875,800.96435546875,16.401
799.98779296875,799.8046875,16.411
799.98779296875,799.8046875,16.421
799.98779296875,799.8046875,16.431
799.98779296875,799.8046875,16.441
799.98779296875,799.8046875,16.451
799.98779296875,799.8046875,16.461
799.98779296875,799.8046875,16.471
799.98779296875,800.4150390625,16.481
799.98779296875,799.8046875,16.491
799.98779296875,799.8046875,16.501
799.98779296875,800.4150390625,16.511
799.98779296875,799.1943359375,16.521
799.98779296875,799.8046875,16.531
799.98779296875,800.4150390625,16.541
799.98779296875,800.4150390625,16.551
799.98779296875,800.4150390625,16.561
799.98779296875,799.8046875,16.571
799.98779296875,799.8046875,16.581
799.98779296875,799.8046875,16.591
799.98779296875,799.8046875,16.601
799.98779296875,799.8046875,16.611
799.98779296875,800.96435546875,16.621
799.98779296875,799.8046875,16.631
799.98779296875,799.8046875,16.641
799.98779296875,800.4150390625,16.651
799.98779296875,799.8046875,16.661
799.98779296875,799.1943359375,16.671
799.98779296875,799.8046875,16.681
799.98779296875,800.4150390625,16.691
799.98779296875,800.4150390625,16.701
799.98779296875,799.8046875,16.711
799.98779296875,799.8046875,16.721
799.98779296875,800.4150390625,16.731
799.98779296875,799.8046875,16.741
799.98779296875,799.8046875,16.751
799.98779296875,799.8046875,16.761
799.98779296875,800.4150390625,16.771
799.98779296875,800.4150390625,16.781
799.98779296875,800.4150390625,16.791
799.98779296875,799.8046875,16.801
799.98779296875,799.8046875,16.811
799.98779296875,799.1943359375,16.821
799.98779296875,800.4150390625,16.831
799.98779296875,800.4150390625,16.841
799.98779296875,799.8046875,16.851
799.98779296875,800.4150390625,16.861
799.98779296875,800.4150390625,16.871
799.98779296875,799.8046875,16.881
799.98779296875,800.4150390625,16.891
799.98779296875,799.8046875,16.901
799.98779296875,799.8046875,16.911
799.98779296875,800.4150390625,16.921
799.98779296875,800.4150390625,16.931
799.98779296875,799.8046875,16.941
799.98779296875,799.8046875,16.951
799.98779296875,800.4150390625,16.961
799.98779296875,799.8046875,16.971
799.98779296875,799.8046875,16.981
799.98779296875,799.8046875,16.991
799.98779296875,800.96435546875,17.001
799.98779296875,800.4150390625,17.011
799.98779296875,799.8046875,17.021
799.98779296875,800.4150390625,17.031
799.98779296875,799.8046875,17.041
799.98779296875,799.1943359375,17.051
799.98779296875,800.4150390625,17.061
799.98779296875,800.4150390625,17.071
799.98779296875,799.8046875,17.081
799.98779296875,800.4150390625,17.091
799.98779296875,799.8046875,17.101
799.98779296875,799.1943359375,17.111
799.98779296875,799.8046875,17.121
799.98779296875,799.8046875,17.131
799.98779296875,799.8046875,17.141
799.98779296875,800.4150390625,17.151
799.98779296875,799.8046875,17.161
799.98779296875,800.4150390625,17.171
799.98779296875,799.8046875,17.181
799.98779296875,799.8046875,17.191
799.98779296875,799.8046875,17.201
799.98779296875,799.8046875,17.211
799.98779296875,799.8046875,17.221
799.98779296875,800.4150390625,17.231
799.98779296875,800.4150390625,17.241
799.98779296875,799.8046875,17.251
799.98779296875,799.8046875,17.261
799.98779296875,799.8046875,17.271
799.98779296875,799.1943359375,17.281
799.98779296875,800.4150390625,17.291
799.98779296875,800.4150390625,17.301
799.98779296875,799.8046875,17.311
799.98779296875,799.8046875,17.321
799.98779296875,800.4150390625,17.331
799.98779296875,799.1943359375,17.341
799.98779296875,799.8046875,17.351
799.98779296875,800.4150390625,17.361
799.98779296875,799.8046875,17.371
799.98779296875,799.8046875,17.381
799.98779296875,799.8046875,17.391
799.98779296875,799.8046875,17.401
799.98779296875,800.4150390625,17.411
799.98779296875,799.8046875,17.421
799.98779296875,799.1943359375,17.431
799.98779296875,799.8046875,17.441
799.98779296875,800.4150390625,17.451
799.98779296875,800.4150390625,17.461
799.98779296875,800.4150390625,17.471
799.98779296875,799.1943359375,17.481
799.98779296875,799.8046875,17.491
799.98779296875,799.8046875,17.501
799.98779296875,799.8046875,17.511
799.98779296875,800.4150390625,17.521
799.98779296875,800.4150390625,17.531
799.98779296875,799.8046875,17.541
799.98779296875,799.8046875,17.551
799.98779296875,799.8046875,17.561
799.98779296875,800.4150390625,17.571
799.98779296875,799.8046875,17.581
799.98779296875,799.8046875,17.591
799.98779296875,800.4150390625,17.601
799.98779296875,800.4150390625,17.611
799.98779296875,799.8046875,17.621
799.98779296875,800.4150390625,17.631
799.98779296875,800.4150390625,17.641
799.98779296875,799.8046875,17.651
799.98779296875,799.8046875,17.661
799.98779296875,800.4150390625,17.671
799.98779296875,800.4150390625,17.681
799.98779296875,799.8046875,17.691
799.98779296875,800.4150390625,17.701
799.98779296875,799.8046875,17.711
799.98779296875,799.1943359375,17.721
799.98779296875,799.8046875,17.731
799.98779296875,800.4150390625,17.741
799.98779296875,800.4150390625,17.751
799.98779296875,799.8046875,17.761
799.98779296875,799.8046875,17.771
799.98779296875,800.4150390625,17.781
799.98779296875,799.8046875,17.791
799.98779296875,799.8046875,17.801
799.98779296875,799.8046875,17.811
799.98779296875,800.4150390625,17.821
799.98779296875,799.8046875,17.831
799.98779296875,800.4150390625,17.841
799.98779296875,799.8046875,17.851
799.98779296875,799.8046875,17.861
799.98779296875,799.8046875,17.871
799.98779296875,799.8046875,17.881
799.98779296875,799.8046875,17.891
799.98779296875,800.4150390625,17.901
799.98779296875,800.4150390625,17.911
799.98779296875,799.8046875,17.921
799.98779296875,799.8046875,17.931
799.98779296875,799.8046875,17.941
799.98779296875,799.8046875,17.951
799.98779296875,799.8046875,17.961
799.98779296875,800.96435546875,17.971
799.98779296875,799.8046875,17.981
799.98779296875,800.4150390625,17.991
799.98779296875,799.8046875,18.001
799.98779296875,799.8046875,18.011
799.98779296875,799.8046875,18.021
799.98779296875,799.8046875,18.031
799.98779296875,799.8046875,18.041
799.98779296875,800.4150390625,18.051
799.98779296875,799.8046875,18.061
799.98779296875,800.4150390625,18.071
799.98779296875,799.8046875,18.081
799.98779296875,799.8046875,18.091
799.98779296875,799.1943359375,18.101
799.98779296875,799.8046875,18.111
799.98779296875,799.8046875,18.121
799.98779296875,800.4150390625,18.131
799.98779296875,800.4150390625,18.141
799.98779296875,799.1943359375,18.151
799.98779296875,799.8046875,18.161
799.98779296875,799.8046875,18.171
799.98779296875,799.8046875,18.181
799.98779296875,799.8046875,18.191
799.98779296875,800.4150390625,18.201
799.98779296875,800.4150390625,18.211
799.98779296875,799.8046875,18.221
799.98779296875,799.8046875,18.231
799.98779296875,799.8046875,18.241
799.98779296875,799.8046875,18.251
799.98779296875,800.4150390625,18.261
799.98779296875,799.8046875,18.271
799.98779296875,800.4150390625,18.281
799.98779296875,799.8046875,18.291
799.98779296875,799.8046875,18.301
799.98779296875,799.8046875,18.311
799.98779296875,799.8046875,18.321
799.98779296875,799.8046875,18.331
799.98779296875,800.4150390625,18.341
799.98779296875,800.4150390625,18.351
799.98779296875,799.8046875,18.361
799.98779296875,800.4150390625,18.371
799.98779296875,800.4150390625,18.381
799.98779296875,799.8046875,18.391
799.98779296875,799.1943359375,18.401
799.98779296875,800.4150390625,18.411
799.98779296875,800.4150390625,18.421
799.98779296875,800.4150390625,18.431
799.98779296875,799.8046875,18.441
799.98779296875,799.8046875,18.451
799.98779296875,799.8046875,18.461
799.98779296875,799.1943359375,18.471
799.98779296875,799.8046875,18.481
799.98779296875,799.8046875,18.491
799.98779296875,800.4150390625,18.501
799.98779296875,799.8046875,18.511
799.98779296875,799.8046875,18.521
799.98779296875,799.8046875,18.531
799.98779296875,799.8046875,18.541
799.98779296875,799.8046875,18.551
799.98779296875,799.8046875,18.561
799.98779296875,799.8046875,18.571
799.98779296875,800.4150390625,18.581
799.98779296875,799.8046875,18.591
799.98779296875,799.8046875,18.601
799.98779296875,799.8046875,18.611
799.98779296875,799.8046875,18.621
799.98779296875,799.8046875,18.631
799.98779296875,799.8046875,18.641
799.98779296875,800.4150390625,18.651
799.98779296875,800.4150390625,18.661
799.98779296875,800.4150390625,18.671
799.98779296875,799.8046875,18.681
799.98779296875,799.8046875,18.691
799.98779296875,799.8046875,18.701
799.98779296875,800.4150390625,18.711
799.98779296875,799.8046875,18.721
799.98779296875,800.4150390625,18.731
799.98779296875,800.4150390625,18.741
799.98779296875,799.8046875,18.751
799.98779296875,800.4150390625,18.761
799.98779296875,799.1943359375,18.771
799.98779296875,800.4150390625,18.781
799.98779296875,799.8046875,18.791
799.98779296875,800.4150390625,18.801
799.98779296875,800.4150390625,18.811
799.98779296875,799.8046875,18.821
799.98779296875,800.4150390625,18.831
799.98779296875,799.1943359375,18.841
799.98779296875,799.8046875,18.851
799.98779296875,800.4150390625,18.861
799.98779296875,800.4150390625,18.871
799.98779296875,799.8046875,18.881
799.98779296875,799.8046875,18.891
799.98779296875,799.8046875,18.901
799.98779296875,799.8046875,18.911
799.98779296875,799.8046875,18.921
799.98779296875,799.8046875,18.931
799.98779296875,799.1943359375,18.941
799.98779296875,800.96435546875,18.951
799.98779296875,799.8046875,18.961
799.98779296875,800.4150390625,18.971
799.98779296875,799.8046875,18.981
799.98779296875,800.4150390625,18.991
799.98779296875,799.1943359375,19.001
799.98779296875,799.8046875,19.011
799.98779296875,800.4150390625,19.021
799.98779296875,800.4150390625,19.031
799.98779296875,800.4150390625,19.041
799.98779296875,799.1943359375,19.051
799.98779296875,799.8046875,19.061
799.98779296875,799.8046875,19.071
799.98779296875,799.8046875,19.081
799.98779296875,800.4150390625,19.091
799.98779296875,799.8046875,19.101
799.98779296875,800.4150390625,19.111
799.98779296875,799.8046875,19.121
799.98779296875,799.8046875,19.131
799.98779296875,800.4150390625,19.141
799.98779296875,799.8046875,19.151
799.98779296875,799.8046875,19.161
799.98779296875,799.8046875,19.171
799.98779296875,800.4150390625,19.181
799.98779296875,800.4150390625,19.191
799.98779296875,799.8046875,19.201
799.98779296875,799.8046875,19.211
799.98779296875,799.8046875,19.221
799.98779296875,799.8046875,19.231
799.98779296875,799.8046875,19.241
799.98779296875,800.96435546875,19.251
799.98779296875,799.8046875,19.261
799.98779296875,800.4150390625,19.271
799.98779296875,799.8046875,19.281
799.98779296875,799.8046875,19.291
799.98779296875,799.8046875,19.301
799.98779296875,800.4150390625,19.311
799.98779296875,800.4150390625,19.321
799.98779296875,799.8046875,19.331
799.98779296875,800.4150390625,19.341
799.98779296875,799.8046875,19.351
799.98779296875,799.8046875,19.361
799.98779296875,800.4150390625,19.371
799.98779296875,799.8046875,19.381
799.98779296875,799.8046875,19.391
799.98779296875,800.4150390625,19.401
799.98779296875,799.8046875,19.411
799.98779296875,800.96435546875,19.421
799.98779296875,799.8046875,19.431
799.98779296875,799.8046875,19.441
799.98779296875,799.8046875,19.451
799.98779296875,799.8046875,19.461
799.98779296875,800.4150390625,19.471
799.98779296875,800.4150390625,19.481
799.98779296875,799.8046875,19.491
799.98779296875,799.8046875,19.501
799.98779296875,799.8046875,19.511
799.98779296875,799.1943359375,19.521
799.98779296875,800.4150390625,19.531
799.98779296875,799.8046875,19.541
799.98779296875,799.8046875,19.551
799.98779296875,800.4150390625,19.561
799.98779296875,799.8046875,19.571
799.98779296875,800.4150390625,19.581
799.98779296875,799.8046875,19.591
799.98779296875,799.8046875,19.601
799.98779296875,799.8046875,19.611
799.98779296875,800.4150390625,19.621
799.98779296875,800.4150390625,19.631
799.98779296875,799.8046875,19.641
799.98779296875,800.4150390625,19.651
799.98779296875,799.8046875,19.661
799.98779296875,799.1943359375,19.671
799.98779296875,800.4150390625,19.681
799.98779296875,799.8046875,19.691
799.98779296875,800.4150390625,19.701
799.98779296875,800.4150390625,19.711
799.98779296875,800.4150390625,19.721
799.98779296875,799.8046875,19.731
799.98779296875,799.8046875,19.741
799.98779296875,799.8046875,19.751
799.98779296875,799.8046875,19.761
799.98779296875,800.4150390625,19.771
799.98779296875,799.8046875,19.781
799.98779296875,800.4150390625,19.791
799.98779296875,799.8046875,19.801
799.98779296875,799.8046875,19.811
799.98779296875,800.4150390625,19.821
799.98779296875,799.1943359375,19.831
799.98779296875,799.8046875,19.841
799.98779296875,800.4150390625,19.851
799.98779296875,800.4150390625,19.861
799.98779296875,799.8046875,19.871
799.98779296875,799.8046875,19.881
799.98779296875,799.8046875,19.891
799.98779296875,799.1943359375,19.901
799.98779296875,799.8046875,19.911
799.98779296875,800.4150390625,19.921
799.98779296875,800.4150390625,19.931
799.98779296875,799.1943359375,19.941
799.98779296875,799.8046875,19.951
799.98779296875,800.4150390625,19.961
799.98779296875,799.1943359375,19.971
799.98779296875,800.4150390625,19.981
799.98779296875,799.8046875,19.991
799.98779296875,799.8046875,20.001
799.98779296875,800.4150390625,20.011
799.98779296875,800.4150390625,20.021
799.98779296875,799.1943359375,20.031
799.98779296875,800.4150390625,20.041
799.98779296875,799.8046875,20.051
799.98779296875,799.8046875,20.061
799.98779296875,800.4150390625,20.071
799.98779296875,799.8046875,20.081
799.98779296875,799.8046875,20.091
799.98779296875,800.4150390625,20.101
799.98779296875,799.8046875,20.111
799.98779296875,799.1943359375,20.121
799.98779296875,799.8046875,20.131
799.98779296875,800.4150390625,20.141
799.98779296875,800.4150390625,20.151
799.98779296875,799.8046875,20.161
799.98779296875,800.4150390625,20.171
799.98779296875,799.8046875,20.181
799.98779296875,799.8046875,20.191
799.98779296875,799.8046875,20.201
799.98779296875,800.4150390625,20.211
799.98779296875,800.4150390625,20.221
799.98779296875,799.8046875,20.231
799.98779296875,800.4150390625,20.241
799.98779296875,799.8046875,20.251
799.98779296875,800.4150390625,20.261
799.98779296875,799.8046875,20.271
799.98779296875,799.8046875,20.281
799.98779296875,799.8046875,20.291
799.98779296875,800.4150390625,20.301
799.98779296875,800.4150390625,20.311
799.98779296875,800.4150390625,20.321
799.98779296875,799.8046875,20.331
799.98779296875,799.8046875,20.341
799.98779296875,799.8046875,20.351
799.98779296875,799.8046875,20.361
799.98779296875,799.8046875,20.371
799.98779296875,800.4150390625,20.381
799.98779296875,800.4150390625,20.391
799.98779296875,799.8046875,20.401
799.98779296875,799.1943359375,20.411
799.98779296875,799.8046875,20.421
799.98779296875,800.4150390625,20.431
799.98779296875,799.8046875,20.441
799.98779296875,799.8046875,20.451
799.98779296875,800.4150390625,20.461
799.98779296875,799.8046875,20.471
799.98779296875,799.8046875,20.481
799.98779296875,800.4150390625,20.491
799.98779296875,799.1943359375,20.501
799.98779296875,799.8046875,20.511
799.98779296875,800.4150390625,20.521
799.98779296875,799.8046875,20.531
799.98779296875,800.4150390625,20.541
799.98779296875,799.8046875,20.551
799.98779296875,799.8046875,20.561
799.98779296875,799.1943359375,20.571
799.98779296875,799.8046875,20.581
799.98779296875,799.8046875,20.591
799.98779296875,800.96435546875,20.601
799.98779296875,799.8046875,20.611
799.98779296875,800.4150390625,20.621
799.98779296875,799.8046875,20.631
