0.0,0.0,0.002
0.06103515625,0.0,0.012
0.3662109375,0.0,0.022
0.91552734375,-0.6103515625,0.032
1.5869140625,0.0,0.042
2.50244140625,0.0,0.052
3.662109375,0.0,0.062
4.94384765625,0.0,0.072
6.4697265625,0.0,0.082
8.1787109375,0.0,0.092
10.07080078125,0.0,0.102
12.20703125,0.0,0.112
14.5263671875,0.0,0.122
17.02880859375,0.0,0.132
19.71435546875,0.0,0.142
22.64404296875,0.0,0.152
25.7568359375,0.0,0.162
29.052734375,0.54931640625,0.172
32.5927734375,0.54931640625,0.182
36.2548828125,2.38037109375,0.192
40.1611328125,2.99072265625,0.202
44.3115234375,5.37109375,0.212
48.583984375,7.75146484375,0.222
53.1005859375,10.19287109375,0.232
57.861328125,14.34326171875,0.242
62.744140625,17.39501953125,0.252
67.87109375,20.3857421875,0.262
73.18115234375,23.98681640625,0.272
78.67431640625,27.587890625,0.282
84.41162109375,31.79931640625,0.292
90.27099609375,35.94970703125,0.302
96.435546875,40.771484375,0.312
102.72216796875,45.59326171875,0.322
109.2529296875,49.74365234375,0.332
115.966796875,53.3447265625,0.342
122.86376953125,57.55615234375,0.352
129.94384765625,63.5986328125,0.362
137.26806640625,71.35009765625,0.372
144.775390625,76.171875,0.382
152.52685546875,81.54296875,0.392
160.400390625,86.97509765625,0.402
168.51806640625,92.34619140625,0.412
176.81884765625,97.16796875,0.422
185.36376953125,104.98046875,0.432
194.03076171875,112.1826171875,0.442
202.94189453125,119.384765625,0.452
212.09716796875,124.755859375,0.462
221.37451171875,133.85009765625,0.472
230.89599609375,139.16015625,0.482
240.6005859375,146.3623046875,0.492
250.48828125,152.9541015625,0.502
260.6201171875,161.376953125,0.512
270.93505859375,169.7998046875,0.522
281.43310546875,177.001953125,0.532
292.17529296875,184.2041015625,0.542
303.03955078125,194.39697265625,0.552
314.14794921875,202.1484375,0.562
325.50048828125,210.5712890625,0.572
336.97509765625,220.15380859375,0.582
348.69384765625,228.57666015625,0.592
360.595703125,238.1591796875,0.602
372.74169921875,246.58203125,0.612
385.07080078125,256.77490234375,0.622
397.52197265625,266.9677734375,0.632
410.15625,276.55029296875,0.642
422.607421875,286.19384765625,0.652
434.814453125,296.38671875,0.662
446.8994140625,306.57958984375,0.672
458.740234375,316.162109375,0.682
470.39794921875,325.8056640625,0.692
481.8115234375,336.5478515625,0.702
493.0419921875,344.970703125,0.712
504.08935546875,355.16357421875,0.722
514.95361328125,364.80712890625,0.732
525.57373046875,373.779296875,0.742
536.07177734375,383.97216796875,0.752
546.2646484375,393.00537109375,0.762
556.33544921875,403.1982421875,0.772
566.162109375,412.17041015625,0.782
575.8056640625,421.20361328125,0.792
585.26611328125,430.7861328125,0.802
594.482421875,440.97900390625,0.812
603.57666015625,449.951171875,0.822
612.4267578125,458.3740234375,0.832
621.03271484375,468.56689453125,0.842
629.5166015625,478.21044921875,0.852
637.75634765625,486.572265625,0.862
645.751953125,495.60546875,0.872
653.62548828125,505.18798828125,0.882
661.2548828125,513.61083984375,0.892
668.701171875,521.97265625,0.902
675.96435546875,531.005859375,0.912
682.9833984375,539.36767578125,0.922
689.8193359375,547.79052734375,0.932
696.47216796875,556.21337890625,0.942
702.94189453125,563.96484375,0.952
709.16748046875,572.3876953125,0.962
715.2099609375,579.58984375,0.972
721.0693359375,587.40234375,0.982
726.74560546875,595.21484375,0.992
732.177734375,601.1962890625,1.002
737.4267578125,609.0087890625,1.012
742.431640625,615.6005859375,1.022
747.314453125,622.802734375,1.032
751.953125,628.7841796875,1.042
756.40869140625,634.765625,1.052
760.6201171875,641.9677734375,1.062
764.6484375,645.56884765625,1.072
768.49365234375,654.60205078125,1.082
772.15576171875,660.58349609375,1.092
775.634765625,665.4052734375,1.102
778.86962890625,670.7763671875,1.112
781.92138671875,676.20849609375,1.122
784.72900390625,681.57958984375,1.132
787.41455078125,686.4013671875,1.142
789.85595703125,691.7724609375,1.152
792.05322265625,698.3642578125,1.162
794.12841796875,700.1953125,1.172
795.95947265625,705.01708984375,1.182
797.607421875,709.16748046875,1.192
799.072265625,713.37890625,1.202
800.29296875,716.97998046875,1.212
801.33056640625,721.19140625,1.222
802.18505859375,724.18212890625,1.232
802.8564453125,727.783203125,1.242
803.28369140625,731.38427734375,1.252
803.52783203125,734.375,1.262
803.5888671875,736.81640625,1.272
803.40576171875,739.80712890625,1.282
803.03955078125,741.5771484375,1.292
802.490234375,744.56787109375,1.302
801.7578125,746.39892578125,1.312
800.96435546875,748.779296875,1.322
800.35400390625,750.6103515625,1.332
799.98779296875,752.38037109375,1.342
799.74365234375,753.60107421875,1.352
799.74365234375,755.37109375,1.362
799.9267578125,757.2021484375,1.372
799.98779296875,758.36181640625,1.382
799.98779296875,760.19287109375,1.392
799.98779296875,761.962890625,1.402
799.98779296875,763.18359375,1.412
799.98779296875,765.0146484375,1.422
799.98779296875,766.17431640625,1.432
799.98779296875,767.39501953125,1.442
799.98779296875,768.61572265625,1.452
799.98779296875,769.775390625,1.462
799.98779296875,770.99609375,1.472
799.98779296875,772.76611328125,1.482
799.98779296875,773.37646484375,1.492
799.98779296875,774.59716796875,1.502
799.98779296875,775.20751953125,1.512
799.98779296875,776.3671875,1.522
799.98779296875,776.9775390625,1.532
799.98779296875,778.1982421875,1.542
799.98779296875,778.80859375,1.552
799.98779296875,779.96826171875,1.562
799.98779296875,780.57861328125,1.572
799.98779296875,781.79931640625,1.582
799.98779296875,781.79931640625,1.592
799.98779296875,782.958984375,1.602
799.98779296875,782.958984375,1.612
799.98779296875,784.1796875,1.622
799.98779296875,784.7900390625,1.632
799.98779296875,785.400390625,1.642
799.98779296875,786.56005859375,1.652
799.98779296875,786.0107421875,1.662
799.98779296875,787.17041015625,1.672
799.98779296875,787.17041015625,1.682
799.98779296875,787.78076171875,1.692
799.98779296875,788.39111328125,1.702
799.98779296875,789.61181640625,1.712
799.98779296875,789.61181640625,1.722
799.98779296875,789.61181640625,1.732
799.98779296875,790.1611328125,1.742
799.98779296875,790.771484375,1.752
799.98779296875,790.771484375,1.762
799.98779296875,790.771484375,1.772
799.98779296875,791.9921875,1.782
799.98779296875,791.9921875,1.792
799.98779296875,792.6025390625,1.802
799.98779296875,792.6025390625,1.812
799.98779296875,793.212890625,1.822
799.98779296875,793.212890625,1.832
799.98779296875,793.212890625,1.842
799.98779296875,793.76220703125,1.852
799.98779296875,794.37255859375,1.862
799.98779296875,793.76220703125,1.872
799.98779296875,794.98291015625,1.882
799.98779296875,794.98291015625,1.892
799.98779296875,794.37255859375,1.902
799.98779296875,794.98291015625,1.912
799.98779296875,794.98291015625,1.922
799.98779296875,795.59326171875,1.932
799.98779296875,795.59326171875,1.942
799.98779296875,796.20361328125,1.952
799.98779296875,796.20361328125,1.962
799.98779296875,795.59326171875,1.972
799.98779296875,796.20361328125,1.982
799.98779296875,796.81396484375,1.992
799.98779296875,796.20361328125,2.002
799.98779296875,796.81396484375,2.012
799.98779296875,797.36328125,2.022
799.98779296875,796.81396484375,2.032
799.98779296875,797.36328125,2.042
799.98779296875,796.81396484375,2.052
799.98779296875,796.81396484375,2.062
799.98779296875,797.36328125,2.072
799.98779296875,797.36328125,2.082
799.98779296875,797.9736328125,2.092
799.98779296875,797.9736328125,2.102
799.98779296875,797.36328125,2.112
799.98779296875,797.9736328125,2.122
799.98779296875,797.9736328125,2.132
799.98779296875,797.36328125,2.142
799.98779296875,798.583984375,2.152
799.98779296875,797.9736328125,2.162
799.98779296875,798.583984375,2.172
799.98779296875,798.583984375,2.182
799.98779296875,797.9736328125,2.192
799.98779296875,798.583984375,2.202
799.98779296875,798.583984375,2.212
799.98779296875,797.9736328125,2.222
799.98779296875,797.9736328125,2.232
799.98779296875,799.1943359375,2.242
799.98779296875,798.583984375,2.252
799.98779296875,798.583984375,2.262
799.98779296875,799.1943359375,2.272
799.98779296875,799.1943359375,2.282
799.98779296875,798.583984375,2.292
799.98779296875,799.1943359375,2.302
799.98779296875,799.1943359375,2.312
799.98779296875,799.8046875,2.322
799.98779296875,799.1943359375,2.332
799.98779296875,799.1943359375,2.342
799.98779296875,799.1943359375,2.352
799.98779296875,799.1943359375,2.362
799.98779296875,799.1943359375,2.372
799.98779296875,799.8046875,2.382
799.98779296875,799.1943359375,2.392
799.98779296875,799.1943359375,2.402
799.98779296875,799.8046875,2.412
799.98779296875,799.1943359375,2.422
799.98779296875,799.8046875,2.432
799.98779296875,799.8046875,2.442
799.98779296875,799.1943359375,2.452
799.98779296875,799.8046875,2.462
799.98779296875,799.8046875,2.472
799.98779296875,799.8046875,2.482
799.98779296875,799.8046875,2.492
799.98779296875,799.8046875,2.502
799.98779296875,799.8046875,2.512
799.98779296875,799.1943359375,2.522
799.98779296875,799.8046875,2.532
799.98779296875,800.4150390625,2.542
799.98779296875,799.8046875,2.552
799.98779296875,799.8046875,2.562
799.98779296875,799.8046875,2.572
799.98779296875,799.8046875,2.582
799.98779296875,799.1943359375,2.592
799.98779296875,799.8046875,2.602
799.98779296875,799.8046875,2.612
799.98779296875,800.4150390625,2.622
799.98779296875,799.8046875,2.632
799.98779296875,799.8046875,2.642
799.98779296875,799.8046875,2.652
799.98779296875,799.8046875,2.662
799.98779296875,799.8046875,2.672
799.98779296875,799.1943359375,2.682
799.98779296875,800.4150390625,2.692
799.98779296875,799.8046875,2.702
799.98779296875,799.8046875,2.712
799.98779296875,800.4150390625,2.722
799.98779296875,799.8046875,2.732
799.98779296875,799.1943359375,2.742
799.98779296875,799.8046875,2.752
799.98779296875,799.8046875,2.762
799.98779296875,800.4150390625,2.772
799.98779296875,800.4150390625,2.782
799.98779296875,799.8046875,2.792
799.98779296875,799.8046875,2.802
799.98779296875,799.8046875,2.812
799.98779296875,799.8046875,2.822
799.98779296875,799.8046875,2.832
799.98779296875,800.4150390625,2.842
799.98779296875,799.8046875,2.852
799.98779296875,800.4150390625,2.862
799.98779296875,799.8046875,2.872
799.98779296875,799.8046875,2.882
799.98779296875,799.8046875,2.892
799.98779296875,800.4150390625,2.902
799.98779296875,799.8046875,2.912
799.98779296875,799.8046875,2.922
799.98779296875,800.4150390625,2.932
799.98779296875,800.4150390625,2.942
799.98779296875,799.8046875,2.952
799.98779296875,799.8046875,2.962
799.98779296875,799.8046875,2.972
799.98779296875,799.8046875,2.982
799.98779296875,799.8046875,2.992
799.98779296875,800.4150390625,3.002
799.98779296875,800.4150390625,3.012
799.98779296875,799.1943359375,3.022
799.98779296875,800.4150390625,3.032
799.98779296875,799.8046875,3.042
799.98779296875,799.8046875,3.052
799.98779296875,799.8046875,3.062
799.98779296875,800.4150390625,3.072
799.98779296875,799.8046875,3.082
799.98779296875,800.4150390625,3.092
799.98779296875,799.8046875,3.102
799.98779296875,799.8046875,3.112
799.98779296875,799.8046875,3.122
799.98779296875,799.1943359375,3.132
799.98779296875,800.4150390625,3.142
799.98779296875,799.8046875,3.152
799.98779296875,800.4150390625,3.162
799.98779296875,799.1943359375,3.172
799.98779296875,799.8046875,3.182
799.98779296875,799.8046875,3.192
799.98779296875,799.8046875,3.202
799.98779296875,799.8046875,3.212
799.98779296875,800.4150390625,3.222
799.98779296875,799.8046875,3.232
799.98779296875,799.8046875,3.242
799.98779296875,799.8046875,3.252
799.98779296875,799.8046875,3.262
799.98779296875,799.1943359375,3.272
799.98779296875,800.4150390625,3.282
799.98779296875,799.8046875,3.292
799.98779296875,799.8046875,3.302
799.98779296875,800.4150390625,3.312
799.98779296875,799.8046875,3.322
799.98779296875,799.8046875,3.332
799.98779296875,799.8046875,3.342
799.98779296875,799.8046875,3.352
799.98779296875,799.8046875,3.362
799.98779296875,799.8046875,3.372
799.98779296875,799.8046875,3.382
799.98779296875,800.4150390625,3.392
799.98779296875,799.8046875,3.402
799.98779296875,799.8046875,3.412
799.98779296875,799.8046875,3.422
799.98779296875,799.8046875,3.432
799.98779296875,799.8046875,3.442
799.98779296875,800.4150390625,3.452
799.98779296875,799.8046875,3.462
799.98779296875,799.8046875,3.472
799.98779296875,799.8046875,3.482
799.98779296875,799.8046875,3.492
799.98779296875,799.8046875,3.502
799.98779296875,799.8046875,3.512
799.98779296875,800.4150390625,3.522
799.98779296875,799.8046875,3.532
799.98779296875,800.4150390625,3.542
799.98779296875,799.8046875,3.552
799.98779296875,799.8046875,3.562
799.98779296875,799.8046875,3.572
799.98779296875,799.8046875,3.582
799.98779296875,799.8046875,3.592
799.98779296875,800.4150390625,3.602
799.98779296875,799.8046875,3.612
799.98779296875,799.8046875,3.622
799.98779296875,799.8046875,3.632
799.98779296875,799.8046875,3.642
799.98779296875,799.8046875,3.652
799.98779296875,800.4150390625,3.662
799.98779296875,800.4150390625,3.672
799.98779296875,800.4150390625,3.682
799.98779296875,799.8046875,3.692
799.98779296875,799.8046875,3.702
799.98779296875,800.4150390625,3.712
799.98779296875,799.8046875,3.722
799.98779296875,799.8046875,3.732
799.98779296875,800.4150390625,3.742
799.98779296875,799.8046875,3.752
799.98779296875,800.4150390625,3.762
799.98779296875,799.1943359375,3.772
799.98779296875,800.4150390625,3.782
799.98779296875,799.8046875,3.792
799.98779296875,799.8046875,3.802
799.98779296875,800.4150390625,3.812
799.98779296875,800.4150390625,3.822
799.98779296875,799.8046875,3.832
799.98779296875,800.4150390625,3.842
799.98779296875,799.8046875,3.852
799.98779296875,799.8046875,3.862
799.98779296875,799.8046875,3.872
799.98779296875,799.8046875,3.882
799.98779296875,800.4150390625,3.892
799.98779296875,799.8046875,3.902
799.98779296875,799.8046875,3.912
799.98779296875,799.8046875,3.922
799.98779296875,800.4150390625,3.932
799.98779296875,799.8046875,3.942
799.98779296875,799.8046875,3.952
799.98779296875,799.8046875,3.962
799.98779296875,800.4150390625,3.972
799.98779296875,800.4150390625,3.982
799.98779296875,799.8046875,3.992
799.98779296875,799.8046875,4.002
799.98779296875,799.8046875,4.012
799.98779296875,799.8046875,4.022
799.98779296875,799.1943359375,4.032
799.98779296875,800.4150390625,4.042
799.98779296875,799.8046875,4.052
799.98779296875,799.8046875,4.062
799.98779296875,799.1943359375,4.072
799.98779296875,799.8046875,4.082
799.98779296875,798.583984375,4.092
799.98779296875,799.1943359375,4.1
799.98779296875,798.583984375,4.11
799.98779296875,798.583984375,4.12
799.98779296875,797.9736328125,4.13
799.98779296875,798.583984375,4.14
799.98779296875,799.1943359375,4.15
799.98779296875,799.1943359375,4.16
799.98779296875,798.583984375,4.17
799.98779296875,798.583984375,4.18
799.98779296875,798.583984375,4.19
799.98779296875,798.583984375,4.20
799.98779296875,799.1943359375,4.21
799.98779296875,799.1943359375,4.22
799.98779296875,799.1943359375,4.23
799.98779296875,798.583984375,4.24
799.98779296875,799.1943359375,4.25
799.98779296875,799.1943359375,4.26
799.98779296875,799.1943359375,4.27
799.98779296875,798.583984375,4.28
799.98779296875,798.583984375,4.29
799.98779296875,799.1943359375,4.3
799.98779296875,799.1943359375,4.31
799.98779296875,799.8046875,4.32
799.98779296875,798.583984375,4.33
799.98779296875,799.1943359375,4.34
799.98779296875,798.583984375,4.35
799.98779296875,799.1943359375,4.36
799.98779296875,799.1943359375,4.37
799.98779296875,799.8046875,4.38
799.98779296875,798.583984375,4.39
799.98779296875,799.1943359375,4.4
799.98779296875,799.1943359375,4.41
799.98779296875,798.583984375,4.42
799.98779296875,799.1943359375,4.43
799.98779296875,799.1943359375,4.44
799.98779296875,799.1943359375,4.45
799.98779296875,799.1943359375,4.46
799.98779296875,799.1943359375,4.47
799.98779296875,799.8046875,4.48
799.98779296875,799.1943359375,4.49
799.98779296875,798.583984375,4.5
799.98779296875,799.1943359375,4.51
799.98779296875,799.8046875,4.52
799.98779296875,799.1943359375,4.53
799.98779296875,799.1943359375,4.54
799.98779296875,799.1943359375,4.55
799.98779296875,798.583984375,4.56
799.98779296875,798.583984375,4.57
799.98779296875,798.583984375,4.58
799.98779296875,798.583984375,4.59
799.98779296875,799.1943359375,4.60
799.98779296875,798.583984375,4.61
799.98779296875,799.1943359375,4.62
799.98779296875,798.583984375,4.63
799.98779296875,798.583984375,4.64
799.98779296875,798.583984375,4.65
799.98779296875,799.1943359375,4.66
799.98779296875,799.1943359375,4.67
799.98779296875,798.583984375,4.68
799.98779296875,799.1943359375,4.69
799.98779296875,799.1943359375,4.70
799.98779296875,798.583984375,4.71
799.98779296875,799.1943359375,4.72
799.98779296875,798.583984375,4.73
799.98779296875,799.1943359375,4.74
799.98779296875,799.1943359375,4.75
799.98779296875,799.1943359375,4.76
799.98779296875,799.8046875,4.77
799.98779296875,799.1943359375,4.78
799.98779296875,798.583984375,4.79
799.98779296875,799.8046875,4.80
799.98779296875,799.1943359375,4.81
799.98779296875,799.1943359375,4.82
799.98779296875,799.8046875,4.83
799.98779296875,799.8046875,4.84
799.98779296875,799.1943359375,4.85
799.98779296875,799.8046875,4.86
799.98779296875,799.1943359375,4.87
799.98779296875,799.8046875,4.88
799.98779296875,799.1943359375,4.89
799.98779296875,799.8046875,4.9
799.98779296875,797.36328125,4.91
799.98779296875,799.8046875,4.92
799.98779296875,799.8046875,4.93
799.98779296875,799.8046875,4.94
799.98779296875,798.583984375,4.95
799.98779296875,799.8046875,4.96
799.98779296875,799.1943359375,4.97
799.98779296875,799.8046875,4.98
799.98779296875,799.1943359375,4.99
799.98779296875,798.583984375,5.00
799.98779296875,797.36328125,5.01
799.98779296875,797.36328125,5.02
799.98779296875,795.59326171875,5.03
799.98779296875,793.76220703125,5.04
799.98779296875,791.3818359375,5.05
799.98779296875,789.00146484375,5.06
799.98779296875,787.17041015625,5.07
799.98779296875,782.958984375,5.08
799.98779296875,780.57861328125,5.09
799.98779296875,776.9775390625,5.1
799.98779296875,773.98681640625,5.11
799.98779296875,770.3857421875,5.12
799.98779296875,767.39501953125,5.13
799.98779296875,766.17431640625,5.14
799.98779296875,766.17431640625,5.15
799.98779296875,768.61572265625,5.16
799.98779296875,770.99609375,5.17
799.98779296875,774.59716796875,5.18
799.98779296875,776.9775390625,5.19
799.98779296875,779.96826171875,5.2
799.98779296875,782.40966796875,5.21
799.98779296875,783.5693359375,5.22
799.98779296875,786.56005859375,5.23
799.98779296875,786.56005859375,5.24
799.98779296875,787.78076171875,5.25
799.98779296875,787.17041015625,5.26
799.98779296875,787.17041015625,5.27
799.98779296875,787.78076171875,5.28
799.98779296875,787.78076171875,5.29
799.98779296875,788.39111328125,5.30
799.98779296875,788.39111328125,5.31
799.98779296875,788.39111328125,5.32
799.98779296875,789.00146484375,5.33
799.98779296875,789.00146484375,5.34
799.98779296875,789.61181640625,5.35
799.98779296875,789.00146484375,5.36
799.98779296875,789.61181640625,5.37
799.98779296875,790.1611328125,5.38
799.98779296875,790.1611328125,5.39
799.98779296875,791.9921875,5.40
799.98779296875,791.3818359375,5.41
799.98779296875,791.9921875,5.42
799.98779296875,791.9921875,5.43
799.98779296875,791.9921875,5.44
799.98779296875,791.3818359375,5.45
799.98779296875,792.6025390625,5.46
799.98779296875,793.212890625,5.47
799.98779296875,792.6025390625,5.48
799.98779296875,792.6025390625,5.49
799.98779296875,793.212890625,5.50
799.98779296875,793.212890625,5.51
799.98779296875,793.212890625,5.52
799.98779296875,793.212890625,5.53
799.98779296875,793.212890625,5.54
799.98779296875,793.76220703125,5.55
799.98779296875,793.76220703125,5.56
799.98779296875,793.76220703125,5.57
799.98779296875,793.76220703125,5.58
799.98779296875,794.37255859375,5.59
799.98779296875,793.76220703125,5.60
799.98779296875,794.37255859375,5.61
799.98779296875,794.37255859375,5.62
799.98779296875,794.98291015625,5.63
799.98779296875,794.37255859375,5.64
799.98779296875,794.37255859375,5.65
799.98779296875,794.37255859375,5.66
799.98779296875,794.98291015625,5.67
799.98779296875,794.98291015625,5.68
799.98779296875,794.98291015625,5.69
799.98779296875,794.98291015625,5.70
799.98779296875,794.98291015625,5.71
799.98779296875,794.98291015625,5.72
799.98779296875,795.59326171875,5.73
799.98779296875,794.98291015625,5.74
799.98779296875,795.59326171875,5.75
799.98779296875,795.59326171875,5.76
799.98779296875,794.98291015625,5.77
799.98779296875,796.20361328125,5.78
799.98779296875,796.20361328125,5.79
799.98779296875,796.20361328125,5.8
799.98779296875,795.59326171875,5.81
799.98779296875,796.20361328125,5.82
799.98779296875,795.59326171875,5.83
799.98779296875,796.81396484375,5.84
799.98779296875,796.20361328125,5.85
799.98779296875,796.81396484375,5.85
799.98779296875,796.81396484375,5.86
799.98779296875,796.20361328125,5.87
799.98779296875,796.20361328125,5.88
799.98779296875,796.20361328125,5.89
799.98779296875,796.81396484375,5.9
799.98779296875,796.81396484375,5.91
799.98779296875,797.36328125,5.92
799.98779296875,796.81396484375,5.93
799.98779296875,796.81396484375,5.94
799.98779296875,796.81396484375,5.95
799.98779296875,797.36328125,5.96
799.98779296875,797.36328125,5.97
799.98779296875,797.36328125,5.98
799.98779296875,797.36328125,5.99
799.98779296875,797.9736328125,6.0
799.98779296875,797.9736328125,6.01
799.98779296875,797.36328125,6.02
799.98779296875,797.9736328125,6.03
799.98779296875,797.36328125,6.04
799.98779296875,797.9736328125,6.05
799.98779296875,797.36328125,6.06
799.98779296875,798.583984375,6.07
799.98779296875,797.9736328125,6.08
799.98779296875,797.36328125,6.09
799.98779296875,797.9736328125,6.1
799.98779296875,797.9736328125,6.11
799.98779296875,797.9736328125,6.12
799.98779296875,797.9736328125,6.13
799.98779296875,798.583984375,6.14
799.98779296875,798.583984375,6.15
799.98779296875,797.9736328125,6.16
799.98779296875,798.583984375,6.17
799.98779296875,798.583984375,6.18
799.98779296875,797.9736328125,6.19
799.98779296875,798.583984375,6.20
799.98779296875,798.583984375,6.21
799.98779296875,799.1943359375,6.22
799.98779296875,797.9736328125,6.23
799.98779296875,798.583984375,6.242
799.98779296875,799.8046875,6.252
799.98779296875,799.8046875,6.262
799.98779296875,799.8046875,6.272
799.98779296875,799.8046875,6.282
799.98779296875,799.1943359375,6.292
799.98779296875,800.4150390625,6.302
799.98779296875,799.8046875,6.312
799.98779296875,799.8046875,6.322
799.98779296875,799.8046875,6.332
799.98779296875,799.8046875,6.342
799.98779296875,799.8046875,6.352
799.98779296875,799.8046875,6.362
799.98779296875,799.8046875,6.372
799.98779296875,799.8046875,6.382
799.98779296875,799.8046875,6.392
799.98779296875,799.8046875,6.402
799.98779296875,799.1943359375,6.412
799.98779296875,799.8046875,6.422
799.98779296875,799.1943359375,6.432
799.98779296875,799.1943359375,6.442
799.98779296875,799.8046875,6.452
799.98779296875,799.8046875,6.462
799.98779296875,799.8046875,6.472
799.98779296875,799.8046875,6.482
799.98779296875,799.8046875,6.492
799.98779296875,799.8046875,6.502
799.98779296875,799.1943359375,6.512
799.98779296875,799.8046875,6.522
799.98779296875,800.4150390625,6.532
799.98779296875,799.8046875,6.542
799.98779296875,799.8046875,6.552
799.98779296875,799.8046875,6.562
799.98779296875,799.8046875,6.572
799.98779296875,799.1943359375,6.582
799.98779296875,799.8046875,6.592
799.98779296875,799.1943359375,6.602
799.98779296875,800.4150390625,6.612
799.98779296875,799.1943359375,6.622
799.98779296875,799.8046875,6.632
799.98779296875,800.4150390625,6.642
799.98779296875,799.1943359375,6.652
799.98779296875,799.1943359375,6.662
799.98779296875,799.8046875,6.672
799.98779296875,800.4150390625,6.682
799.98779296875,799.1943359375,6.692
799.98779296875,800.4150390625,6.702
799.98779296875,799.8046875,6.712
799.98779296875,799.1943359375,6.722
799.98779296875,799.1943359375,6.732
799.98779296875,799.8046875,6.742
799.98779296875,800.4150390625,6.752
799.98779296875,799.8046875,6.762
799.98779296875,799.1943359375,6.772
799.98779296875,799.8046875,6.782
799.98779296875,799.1943359375,6.792
799.98779296875,799.8046875,6.802
799.98779296875,799.1943359375,6.812
799.98779296875,799.8046875,6.822
799.98779296875,799.8046875,6.832
799.98779296875,799.1943359375,6.842
799.98779296875,799.1943359375,6.852
799.98779296875,799.8046875,6.862
799.98779296875,799.1943359375,6.872
799.98779296875,799.1943359375,6.882
799.98779296875,799.1943359375,6.892
799.98779296875,799.8046875,6.902
799.98779296875,799.1943359375,6.912
799.98779296875,799.8046875,6.922
799.98779296875,799.1943359375,6.932
799.98779296875,799.8046875,6.942
799.98779296875,799.1943359375,6.952
799.98779296875,799.1943359375,6.962
799.98779296875,799.8046875,6.972
799.98779296875,800.4150390625,6.982
799.98779296875,799.8046875,6.992
799.98779296875,799.1943359375,7.002
799.98779296875,799.8046875,7.012
799.98779296875,799.8046875,7.022
799.98779296875,799.1943359375,7.032
799.98779296875,799.8046875,7.042
799.98779296875,799.8046875,7.052
799.98779296875,799.8046875,7.062
799.98779296875,799.1943359375,7.072
799.98779296875,799.8046875,7.082
799.98779296875,799.8046875,7.092
799.98779296875,799.8046875,7.102
799.98779296875,799.1943359375,7.112
799.98779296875,799.8046875,7.122
799.98779296875,799.8046875,7.132
799.98779296875,800.4150390625,7.142
799.98779296875,799.8046875,7.152
799.98779296875,799.1943359375,7.162
799.98779296875,800.4150390625,7.172
799.98779296875,800.4150390625,7.182
799.98779296875,801.57470703125,7.19
799.98779296875,801.57470703125,7.20
799.98779296875,801.57470703125,7.21
799.98779296875,802.18505859375,7.22
799.98779296875,801.57470703125,7.23
799.98779296875,802.18505859375,7.24
799.98779296875,801.57470703125,7.25
799.98779296875,801.57470703125,7.26
799.98779296875,800.96435546875,7.27
799.98779296875,801.57470703125,7.28
799.98779296875,800.96435546875,7.29
799.98779296875,801.57470703125,7.30
799.98779296875,801.57470703125,7.31
799.98779296875,800.96435546875,7.32
799.98779296875,801.57470703125,7.33
799.98779296875,800.96435546875,7.34
799.98779296875,800.96435546875,7.35
799.98779296875,800.96435546875,7.36
799.98779296875,800.96435546875,7.37
799.98779296875,800.4150390625,7.38
799.98779296875,801.57470703125,7.39
799.98779296875,800.96435546875,7.4
799.98779296875,800.96435546875,7.41
799.98779296875,800.4150390625,7.42
799.98779296875,800.96435546875,7.43
799.98779296875,800.4150390625,7.44
799.98779296875,800.4150390625,7.45
799.98779296875,798.583984375,7.46
799.98779296875,800.96435546875,7.47
799.98779296875,800.96435546875,7.48
799.98779296875,800.4150390625,7.49
799.98779296875,800.96435546875,7.50
799.98779296875,799.8046875,7.51
799.98779296875,800.96435546875,7.52
799.98779296875,800.4150390625,7.53
799.98779296875,803.40576171875,7.54
799.98779296875,800.4150390625,7.55
799.98779296875,799.8046875,7.56
799.98779296875,800.4150390625,7.57
799.98779296875,800.96435546875,7.58
799.98779296875,799.8046875,7.59
799.98779296875,800.4150390625,7.60
799.98779296875,800.4150390625,7.61
799.98779296875,800.4150390625,7.62
799.98779296875,800.96435546875,7.63
799.98779296875,799.8046875,7.64
799.98779296875,800.4150390625,7.65
799.98779296875,800.4150390625,7.66
799.98779296875,799.8046875,7.77
799.98779296875,800.4150390625,7.78
799.98779296875,800.96435546875,7.79
799.98779296875,800.4150390625,7.8
799.98779296875,800.4150390625,7.81
799.98779296875,800.4150390625,7.82
799.98779296875,799.8046875,7.83
799.98779296875,800.4150390625,7.84
799.98779296875,799.8046875,7.85
799.98779296875,800.4150390625,7.86
799.98779296875,800.4150390625,7.87
799.98779296875,800.4150390625,7.88
799.98779296875,799.8046875,7.89
799.98779296875,800.4150390625,7.9
799.98779296875,799.8046875,7.91
799.98779296875,799.8046875,7.92
799.98779296875,800.4150390625,7.93
799.98779296875,800.4150390625,7.94
799.98779296875,800.4150390625,7.95
799.98779296875,800.4150390625,7.86
799.98779296875,799.8046875,7.87
799.98779296875,799.8046875,7.88
799.98779296875,799.8046875,7.89
799.98779296875,799.8046875,7.9
799.98779296875,800.4150390625,7.91
799.98779296875,800.4150390625,7.92
799.98779296875,799.8046875,7.93
799.98779296875,799.8046875,7.94
799.98779296875,799.8046875,7.95
799.98779296875,799.8046875,7.96
799.98779296875,799.8046875,7.97
799.98779296875,799.8046875,7.98
799.98779296875,799.8046875,7.99
799.98779296875,800.4150390625,8.0
799.98779296875,799.8046875,8.01
799.98779296875,799.1943359375,8.02
799.98779296875,799.8046875,8.03
799.98779296875,799.8046875,8.04
799.98779296875,799.8046875,8.05
799.98779296875,799.8046875,8.06
799.98779296875,799.8046875,8.07
799.98779296875,799.8046875,9.00
799.98779296875,800.4150390625,9.01
799.98779296875,799.8046875,9.02
799.98779296875,800.4150390625,9.03
799.98779296875,799.8046875,9.04
799.98779296875,799.8046875,9.05
799.98779296875,800.4150390625,9.06
799.98779296875,800.4150390625,9.07
799.98779296875,799.8046875,9.08
799.98779296875,800.4150390625,9.09
799.98779296875,799.8046875,9.1
799.98779296875,799.8046875,9.11
799.98779296875,799.8046875,9.12
799.98779296875,800.4150390625,9.13
799.98779296875,799.8046875,9.14
799.98779296875,800.4150390625,9.15
799.98779296875,800.4150390625,9.16
799.98779296875,799.8046875,9.17
799.98779296875,800.4150390625,9.18
799.98779296875,800.4150390625,9.19
799.98779296875,799.8046875,9.2
799.98779296875,800.4150390625,9.21
799.98779296875,800.4150390625,9.22
799.98779296875,800.96435546875,9.21
799.98779296875,799.8046875,9.22
799.98779296875,800.4150390625,9.23
799.98779296875,799.8046875,9.24
799.98779296875,799.8046875,9.25
799.98779296875,800.4150390625,9.26
799.98779296875,800.4150390625,9.27
799.98779296875,800.4150390625,9.28
799.98779296875,799.8046875,9.29
799.98779296875,800.4150390625,9.3
799.98779296875,799.8046875,9.31
799.98779296875,800.4150390625,9.32
799.98779296875,799.8046875,9.33
799.98779296875,800.4150390625,9.34
799.98779296875,800.4150390625,9.35
799.98779296875,799.8046875,9.36
799.98779296875,800.4150390625,9.37
799.98779296875,800.4150390625,9.38
799.98779296875,799.8046875,9.39
799.98779296875,799.8046875,9.4
799.98779296875,799.8046875,9.41
799.98779296875,800.4150390625,9.42
799.98779296875,799.8046875,9.43
799.98779296875,800.4150390625,9.44
799.98779296875,799.8046875,9.45
799.98779296875,800.4150390625,9.46
799.98779296875,799.8046875,9.47
799.98779296875,799.8046875,9.48
799.98779296875,800.4150390625,9.49
799.98779296875,799.8046875,9.5
799.98779296875,800.4150390625,9.51
799.98779296875,799.8046875,9.52
799.98779296875,799.8046875,9.53
799.98779296875,800.4150390625,9.54
799.98779296875,799.8046875,9.55
799.98779296875,799.8046875,9.56
799.98779296875,799.8046875,9.57
799.98779296875,800.4150390625,9.58
799.98779296875,799.8046875,9.59
799.98779296875,801.57470703125,9.6
799.98779296875,802.18505859375,9.61
799.98779296875,804.5654296875,9.62
799.98779296875,805.17578125,9.63
799.98779296875,806.396484375,9.64
799.98779296875,807.0068359375,9.65
799.98779296875,808.16650390625,9.66
799.98779296875,809.99755859375,9.67
799.98779296875,809.38720703125,9.68
799.98779296875,811.767578125,9.69
799.98779296875,811.21826171875,9.70
799.98779296875,812.98828125,9.71
799.98779296875,813.5986328125,9.72
799.98779296875,813.5986328125,9.73
799.98779296875,814.208984375,9.74
799.98779296875,814.8193359375,9.75
799.98779296875,815.97900390625,9.76
799.98779296875,815.97900390625,9.77
799.98779296875,816.58935546875,9.78
799.98779296875,816.58935546875,9.79
799.98779296875,817.19970703125,9.8
799.98779296875,816.58935546875,9.81
799.98779296875,817.81005859375,9.82
799.98779296875,817.81005859375,9.83
799.98779296875,817.81005859375,9.84
799.98779296875,817.81005859375,9.85
799.98779296875,817.81005859375,9.86
799.98779296875,817.81005859375,9.87
799.98779296875,817.81005859375,9.88
799.98779296875,818.42041015625,9.89
799.98779296875,817.81005859375,9.9
799.98779296875,817.81005859375,9.91
799.98779296875,817.81005859375,9.92
799.98779296875,817.81005859375,9.93
799.98779296875,817.19970703125,9.94
799.98779296875,817.81005859375,9.95
799.98779296875,816.58935546875,9.96
799.98779296875,816.58935546875,9.97
799.98779296875,816.58935546875,9.98
799.98779296875,816.58935546875,9.99
799.98779296875,816.58935546875,10.0
799.98779296875,815.97900390625,10.01
799.98779296875,815.97900390625,10.02
799.98779296875,814.8193359375,10.03
799.98779296875,814.8193359375,10.04
799.98779296875,815.36865234375,10.05
799.98779296875,814.8193359375,10.06
799.98779296875,814.208984375,10.07
799.98779296875,814.208984375,10.08
799.98779296875,812.98828125,10.09
799.98779296875,812.98828125,10.1
799.98779296875,812.98828125,10.11
799.98779296875,812.3779296875,10.12
799.98779296875,812.3779296875,10.13
799.98779296875,811.767578125,10.14
799.98779296875,811.767578125,10.15
799.98779296875,811.21826171875,10.16
799.98779296875,810.60791015625,10.17
799.98779296875,810.60791015625,10.18
799.98779296875,809.99755859375,10.19
799.98779296875,810.60791015625,10.2
799.98779296875,809.38720703125,10.21
799.98779296875,809.38720703125,10.22
799.98779296875,809.38720703125,10.23
799.98779296875,808.77685546875,10.24
799.98779296875,808.16650390625,10.25
799.98779296875,808.16650390625,10.26
799.98779296875,807.6171875,10.27
799.98779296875,808.16650390625,10.28
799.98779296875,807.6171875,10.29
799.98779296875,807.0068359375,10.30
799.98779296875,807.0068359375,10.31
799.98779296875,806.396484375,10.32
799.98779296875,806.396484375,10.33
799.98779296875,806.396484375,10.34
799.98779296875,805.7861328125,10.35
799.98779296875,805.7861328125,10.36
799.98779296875,805.17578125,10.37
799.98779296875,805.17578125,10.38
799.98779296875,805.17578125,10.39
799.98779296875,804.5654296875,10.4
799.98779296875,804.5654296875,10.41
799.98779296875,804.01611328125,10.42
799.98779296875,805.17578125,10.43
799.98779296875,804.5654296875,10.44
799.98779296875,804.5654296875,10.45
799.98779296875,804.01611328125,10.46
799.98779296875,804.01611328125,10.47
799.98779296875,803.40576171875,10.48
799.98779296875,804.01611328125,10.49
799.98779296875,804.01611328125,10.5
799.98779296875,804.01611328125,10.51
799.98779296875,803.40576171875,10.52
799.98779296875,803.40576171875,10.53
799.98779296875,803.40576171875,10.54
799.98779296875,802.79541015625,10.55
799.98779296875,803.40576171875,10.56
799.98779296875,803.40576171875,10.57
799.98779296875,802.79541015625,10.58
799.98779296875,803.40576171875,10.59
799.98779296875,802.79541015625,10.6
799.98779296875,802.18505859375,10.61
799.98779296875,802.79541015625,10.62
799.98779296875,802.18505859375,10.63
799.98779296875,802.18505859375,10.64
799.98779296875,802.18505859375,10.65
799.98779296875,802.79541015625,10.66
799.98779296875,802.18505859375,10.67
799.98779296875,800.4150390625,10.682
799.98779296875,799.1943359375,10.692
799.98779296875,799.8046875,10.702
799.98779296875,799.8046875,10.712
799.98779296875,800.4150390625,10.722
799.98779296875,800.4150390625,10.732
799.98779296875,799.8046875,10.742
799.98779296875,799.8046875,10.752
799.98779296875,799.8046875,10.762
799.98779296875,799.1943359375,10.772
799.98779296875,800.4150390625,10.782
799.98779296875,800.4150390625,10.792
799.98779296875,799.8046875,10.802
799.98779296875,799.8046875,10.812
799.98779296875,799.8046875,10.822
799.98779296875,800.4150390625,10.832
799.98779296875,799.8046875,10.842
799.98779296875,799.1943359375,10.852
799.98779296875,799.8046875,10.862
799.98779296875,799.8046875,10.872
799.98779296875,799.8046875,10.882
799.98779296875,799.1943359375,10.892
799.98779296875,799.8046875,10.902
799.98779296875,799.1943359375,10.912
799.98779296875,799.1943359375,10.922
799.98779296875,799.1943359375,10.932
799.98779296875,799.8046875,10.942
799.98779296875,799.8046875,10.952
799.98779296875,799.8046875,10.962
799.98779296875,799.1943359375,10.972
799.98779296875,799.8046875,10.982
799.98779296875,798.583984375,10.992
799.98779296875,799.8046875,11.002
799.98779296875,799.8046875,11.012
799.98779296875,799.1943359375,11.022
799.98779296875,799.8046875,11.032
799.98779296875,799.8046875,11.042
799.98779296875,799.1943359375,11.052
799.98779296875,799.1943359375,11.062
799.98779296875,799.8046875,11.072
799.98779296875,799.1943359375,11.082
799.98779296875,799.8046875,11.092
799.98779296875,799.8046875,11.102
799.98779296875,799.8046875,11.112
799.98779296875,799.8046875,11.122
799.98779296875,799.8046875,11.132
799.98779296875,799.1943359375,11.142
799.98779296875,799.8046875,11.152
799.98779296875,799.1943359375,11.162
799.98779296875,800.4150390625,11.172
799.98779296875,800.4150390625,11.182
799.98779296875,799.8046875,11.192
799.98779296875,799.1943359375,11.202
799.98779296875,799.8046875,11.212
799.98779296875,799.8046875,11.222
799.98779296875,799.8046875,11.232
799.98779296875,800.4150390625,11.242
799.98779296875,799.8046875,11.252
799.98779296875,799.8046875,11.262
799.98779296875,799.8046875,11.272
799.98779296875,799.1943359375,11.282
799.98779296875,799.8046875,11.292
799.98779296875,799.8046875,11.302
799.98779296875,799.8046875,11.312
799.98779296875,799.8046875,11.322
799.98779296875,799.8046875,11.332
799.98779296875,799.8046875,11.342
799.98779296875,799.8046875,11.352
799.98779296875,799.1943359375,11.362
799.98779296875,799.8046875,11.372
799.98779296875,799.8046875,11.382
799.98779296875,799.8046875,11.392
799.98779296875,799.8046875,11.402
799.98779296875,800.4150390625,11.412
799.98779296875,799.1943359375,11.422
799.98779296875,799.8046875,11.432
799.98779296875,799.8046875,11.442
799.98779296875,799.8046875,11.452
799.98779296875,800.4150390625,11.462
799.98779296875,800.4150390625,11.472
799.98779296875,799.8046875,11.482
799.98779296875,800.4150390625,11.492
799.98779296875,800.4150390625,11.502
799.98779296875,799.8046875,11.512
799.98779296875,800.4150390625,11.522
799.98779296875,800.4150390625,11.532
799.98779296875,799.8046875,11.542
799.98779296875,800.4150390625,11.552
799.98779296875,800.4150390625,11.562
799.98779296875,800.4150390625,11.572
799.98779296875,800.4150390625,11.582
