0.0,0.0,0.0
0.06103515625,0.0,0.01
0.3662109375,0.0,0.02
0.8544921875,0.0,0.03
1.5869140625,0.0,0.04
2.50244140625,0.0,0.05
3.60107421875,0.0,0.06
4.8828125,0.0,0.07
6.40869140625,0.0,0.08
8.11767578125,0.0,0.09
10.009765625,0.0,0.1
12.14599609375,0.0,0.11
14.46533203125,0.0,0.12
16.9677734375,0.54931640625,0.13
19.71435546875,2.38037109375,0.14
22.5830078125,4.150390625,0.15
25.69580078125,5.9814453125,0.16
29.052734375,9.58251953125,0.17
32.53173828125,13.7939453125,0.18
36.2548828125,16.17431640625,0.19
40.1611328125,20.3857421875,0.2
44.3115234375,22.76611328125,0.21
48.64501953125,26.9775390625,0.22
53.16162109375,31.18896484375,0.23
57.861328125,35.400390625,0.24
62.80517578125,39.55078125,0.25
67.93212890625,45.59326171875,0.26
73.2421875,49.1943359375,0.27
78.7353515625,53.3447265625,0.28
84.47265625,57.55615234375,0.29
90.33203125,63.5986328125,0.3
96.61865234375,71.35009765625,0.31
102.9052734375,77.392578125,0.32
109.43603515625,80.99365234375,0.33
116.14990234375,87.58544921875,0.34
123.046875,92.95654296875,0.35
130.18798828125,97.7783203125,0.36
137.51220703125,106.201171875,0.37
145.01953125,113.95263671875,0.38
152.7099609375,120.54443359375,0.39
160.64453125,125.9765625,0.4
168.9453125,133.1787109375,0.41
177.24609375,142.15087890625,0.42
185.791015625,149.35302734375,0.43
194.51904296875,155.3955078125,0.44
203.369140625,164.97802734375,0.45
212.21923828125,174.560546875,0.46
220.8251953125,179.99267578125,0.47
229.248046875,187.744140625,0.48
237.48779296875,198.54736328125,0.49
245.4833984375,205.4443359375,0.5
253.47900390625,211.7919921875,0.51
261.1083984375,218.994140625,0.52
268.49365234375,227.35595703125,0.53
275.7568359375,235.16845703125,0.54
282.77587890625,241.14990234375,0.55
289.61181640625,248.35205078125,0.56
296.20361328125,256.16455078125,0.57
302.6123046875,262.75634765625,0.58
308.837890625,269.34814453125,0.59
314.88037109375,276.0009765625,0.6
320.80078125,281.982421875,0.61
326.416015625,287.9638671875,0.62
331.84814453125,294.5556640625,0.63
337.0361328125,300.59814453125,0.64
342.10205078125,305.96923828125,0.65
346.86279296875,311.95068359375,0.66
351.50146484375,316.7724609375,0.67
355.89599609375,322.75390625,0.68
360.16845703125,327.57568359375,0.69
364.1357421875,332.3974609375,0.7
368.0419921875,336.5478515625,0.71
371.64306640625,341.97998046875,0.72
375.06103515625,346.19140625,0.73
378.2958984375,350.40283203125,0.74
381.28662109375,354.00390625,0.75
384.09423828125,358.154296875,0.76
386.71875,361.75537109375,0.77
389.16015625,365.3564453125,0.78
391.357421875,368.408203125,0.79
393.37158203125,371.39892578125,0.8
395.20263671875,374.3896484375,0.81
396.8505859375,377.38037109375,0.82
398.25439453125,379.150390625,0.83
399.4140625,382.2021484375,0.84
400.45166015625,384.58251953125,0.85
401.2451171875,385.80322265625,0.86
401.85546875,388.18359375,0.87
402.28271484375,389.404296875,0.88
402.4658203125,390.56396484375,0.89
402.4658203125,391.78466796875,0.9
402.28271484375,392.39501953125,0.91
401.91650390625,393.5546875,0.92
401.30615234375,394.775390625,0.93
400.634765625,394.1650390625,0.94
400.146484375,394.1650390625,0.95
399.90234375,395.3857421875,0.96
399.7802734375,394.775390625,0.97
399.90234375,395.3857421875,0.98
400.0244140625,395.3857421875,0.99
399.96337890625,395.99609375,1.0
399.96337890625,396.6064453125,1.01
399.96337890625,396.6064453125,1.02
399.96337890625,397.15576171875,1.03
399.96337890625,397.76611328125,1.04
399.96337890625,397.15576171875,1.05
399.96337890625,397.76611328125,1.06
399.96337890625,397.76611328125,1.07
399.96337890625,397.76611328125,1.08
399.96337890625,398.37646484375,1.09
399.96337890625,397.76611328125,1.1
399.96337890625,398.98681640625,1.11
399.96337890625,398.37646484375,1.12
399.96337890625,398.37646484375,1.13
399.96337890625,398.37646484375,1.14
399.96337890625,399.59716796875,1.15
399.96337890625,398.98681640625,1.16
399.96337890625,398.37646484375,1.17
399.96337890625,399.59716796875,1.18
399.96337890625,398.98681640625,1.19
399.96337890625,399.59716796875,1.2
399.96337890625,399.59716796875,1.21
399.96337890625,398.98681640625,1.22
399.96337890625,399.59716796875,1.23
399.96337890625,399.59716796875,1.24
399.96337890625,398.98681640625,1.25
399.96337890625,399.59716796875,1.26
399.96337890625,400.20751953125,1.27
399.96337890625,398.98681640625,1.28
399.96337890625,399.59716796875,1.29
399.96337890625,400.20751953125,1.3
399.96337890625,399.59716796875,1.31
399.96337890625,399.59716796875,1.32
399.96337890625,400.20751953125,1.33
399.96337890625,399.59716796875,1.34
399.96337890625,400.20751953125,1.35
399.96337890625,399.59716796875,1.36
399.96337890625,399.59716796875,1.37
399.96337890625,400.20751953125,1.38
399.96337890625,399.59716796875,1.39
399.96337890625,399.59716796875,1.4
399.96337890625,400.20751953125,1.41
399.96337890625,400.20751953125,1.42
399.96337890625,399.59716796875,1.43
399.96337890625,399.59716796875,1.44
399.96337890625,400.20751953125,1.45
399.96337890625,400.20751953125,1.46
399.96337890625,399.59716796875,1.47
399.96337890625,400.20751953125,1.48
399.96337890625,400.20751953125,1.49
399.96337890625,400.20751953125,1.5
399.96337890625,399.59716796875,1.51
399.96337890625,400.20751953125,1.52
399.96337890625,399.59716796875,1.53
399.96337890625,400.20751953125,1.54
399.96337890625,400.20751953125,1.55
399.96337890625,399.59716796875,1.56
399.96337890625,400.20751953125,1.57
399.96337890625,399.59716796875,1.58
399.96337890625,400.20751953125,1.59
399.96337890625,399.59716796875,1.6
399.96337890625,400.20751953125,1.61
399.96337890625,400.20751953125,1.62
399.96337890625,400.20751953125,1.63
399.96337890625,399.59716796875,1.64
399.96337890625,400.20751953125,1.65
399.96337890625,400.20751953125,1.66
399.96337890625,399.59716796875,1.67
399.96337890625,400.20751953125,1.68
399.96337890625,400.20751953125,1.69
399.96337890625,399.59716796875,1.7
399.96337890625,400.20751953125,1.71
399.96337890625,399.59716796875,1.72
399.96337890625,400.20751953125,1.73
399.96337890625,399.59716796875,1.74
399.96337890625,400.20751953125,1.75
399.96337890625,400.20751953125,1.76
399.96337890625,400.20751953125,1.77
399.96337890625,399.59716796875,1.78
399.96337890625,400.20751953125,1.79
399.96337890625,400.20751953125,1.8
399.96337890625,400.20751953125,1.81
399.96337890625,399.59716796875,1.82
399.96337890625,400.20751953125,1.83
399.96337890625,399.59716796875,1.84
399.96337890625,400.20751953125,1.85
399.96337890625,399.59716796875,1.86
399.96337890625,400.20751953125,1.87
399.96337890625,400.20751953125,1.88
399.96337890625,399.59716796875,1.89
399.96337890625,400.20751953125,1.9
399.96337890625,400.20751953125,1.91
399.96337890625,399.59716796875,1.92
399.96337890625,400.20751953125,1.93
399.96337890625,400.20751953125,1.94
399.96337890625,400.20751953125,1.95
399.96337890625,400.20751953125,1.96
399.96337890625,399.59716796875,1.97
399.96337890625,400.20751953125,1.98
399.96337890625,399.59716796875,1.99
399.96337890625,400.20751953125,2.0
399.96337890625,400.20751953125,2.01
399.96337890625,399.59716796875,2.02
399.96337890625,400.20751953125,2.03
399.96337890625,399.59716796875,2.04
399.96337890625,400.20751953125,2.05
399.96337890625,400.20751953125,2.06
399.96337890625,400.20751953125,2.07
399.96337890625,399.59716796875,2.08
399.96337890625,400.20751953125,2.09
399.96337890625,400.20751953125,2.1
399.96337890625,399.59716796875,2.11
399.96337890625,400.20751953125,2.12
399.96337890625,400.20751953125,2.13
399.96337890625,399.59716796875,2.14
399.96337890625,399.59716796875,2.15
399.96337890625,400.20751953125,2.16
399.96337890625,400.20751953125,2.17
399.96337890625,399.59716796875,2.18
399.96337890625,399.59716796875,2.19
399.96337890625,400.20751953125,2.2
399.96337890625,400.20751953125,2.21
399.96337890625,400.20751953125,2.22
399.96337890625,399.59716796875,2.23
399.96337890625,400.20751953125,2.24
399.96337890625,399.59716796875,2.25
399.96337890625,400.20751953125,2.26
399.96337890625,400.20751953125,2.27
399.96337890625,399.59716796875,2.28
399.96337890625,400.20751953125,2.29
399.96337890625,399.59716796875,2.3
399.96337890625,400.20751953125,2.31
399.96337890625,400.20751953125,2.32
399.96337890625,399.59716796875,2.33
399.96337890625,399.59716796875,2.34
399.96337890625,400.20751953125,2.35
399.96337890625,400.20751953125,2.36
399.96337890625,400.20751953125,2.37
399.96337890625,399.59716796875,2.38
399.96337890625,400.20751953125,2.39
399.96337890625,400.20751953125,2.4
399.96337890625,400.20751953125,2.41
399.96337890625,399.59716796875,2.42
399.96337890625,399.59716796875,2.43
399.96337890625,400.20751953125,2.44
399.96337890625,399.59716796875,2.45
399.96337890625,400.20751953125,2.46
399.96337890625,399.59716796875,2.47
399.96337890625,400.20751953125,2.48
399.96337890625,399.59716796875,2.49
399.96337890625,399.59716796875,2.5
399.96337890625,400.20751953125,2.51
399.96337890625,400.20751953125,2.52
399.96337890625,399.59716796875,2.53
399.96337890625,400.20751953125,2.54
399.96337890625,399.59716796875,2.55
399.96337890625,400.20751953125,2.56
399.96337890625,399.59716796875,2.57
399.96337890625,400.20751953125,2.58
399.96337890625,400.20751953125,2.59
399.96337890625,399.59716796875,2.6
399.96337890625,399.59716796875,2.61
399.96337890625,400.20751953125,2.62
399.96337890625,399.59716796875,2.63
399.96337890625,400.20751953125,2.64
399.96337890625,400.20751953125,2.65
399.96337890625,400.20751953125,2.66
399.96337890625,400.20751953125,2.67
399.96337890625,399.59716796875,2.68
399.96337890625,400.20751953125,2.69
399.96337890625,399.59716796875,2.7
399.96337890625,400.20751953125,2.71
399.96337890625,400.20751953125,2.72
399.96337890625,399.59716796875,2.73
399.96337890625,400.20751953125,2.74
399.96337890625,399.59716796875,2.75
399.96337890625,400.20751953125,2.76
399.96337890625,400.20751953125,2.77
399.96337890625,399.59716796875,2.78
399.96337890625,399.59716796875,2.79
399.96337890625,400.20751953125,2.8
399.96337890625,400.20751953125,2.81
399.96337890625,400.20751953125,2.82
399.96337890625,400.20751953125,2.83
399.96337890625,400.20751953125,2.84
399.96337890625,399.59716796875,2.85
399.96337890625,399.59716796875,2.86
399.96337890625,400.20751953125,2.87
399.96337890625,400.20751953125,2.88
399.96337890625,400.20751953125,2.89
399.96337890625,399.59716796875,2.9
399.96337890625,399.59716796875,2.91
399.96337890625,400.20751953125,2.92
399.96337890625,400.20751953125,2.93
399.96337890625,399.59716796875,2.94
399.96337890625,400.20751953125,2.95
399.96337890625,399.59716796875,2.96
399.96337890625,400.20751953125,2.97
399.96337890625,400.20751953125,2.98
399.96337890625,400.20751953125,2.99
399.96337890625,399.59716796875,3.0
399.96337890625,400.20751953125,3.01
399.96337890625,399.59716796875,3.02
399.96337890625,400.20751953125,3.03
399.96337890625,399.59716796875,3.04
399.96337890625,400.20751953125,3.05
399.96337890625,400.20751953125,3.06
399.96337890625,399.59716796875,3.07
399.96337890625,399.59716796875,3.08
399.96337890625,400.20751953125,3.1
399.96337890625,399.59716796875,3.11
399.96337890625,400.20751953125,3.12
399.96337890625,400.20751953125,3.13
399.96337890625,399.59716796875,3.14
399.96337890625,400.20751953125,3.15
399.96337890625,400.20751953125,3.16
399.96337890625,399.59716796875,3.17
399.96337890625,400.20751953125,3.18
399.96337890625,399.59716796875,3.19
399.96337890625,399.59716796875,3.2
399.96337890625,400.20751953125,3.21
399.96337890625,400.20751953125,3.22
399.96337890625,400.20751953125,3.23
399.96337890625,399.59716796875,3.24
399.96337890625,400.20751953125,3.25
399.96337890625,400.20751953125,3.26
399.96337890625,400.20751953125,3.27
399.96337890625,399.59716796875,3.28
399.96337890625,400.20751953125,3.29
399.96337890625,400.20751953125,3.3
399.96337890625,400.20751953125,3.31
399.96337890625,399.59716796875,3.32
399.96337890625,400.20751953125,3.33
399.96337890625,399.59716796875,3.34
399.96337890625,399.59716796875,3.35
399.96337890625,400.20751953125,3.36
399.96337890625,400.20751953125,3.37
399.96337890625,399.59716796875,3.38
399.96337890625,400.20751953125,3.39
399.96337890625,400.20751953125,3.4
399.96337890625,399.59716796875,3.41
399.96337890625,400.20751953125,3.42
399.96337890625,399.59716796875,3.43
399.96337890625,400.20751953125,3.44
399.96337890625,400.20751953125,3.45
399.96337890625,399.59716796875,3.46
399.96337890625,399.59716796875,3.47
399.96337890625,400.20751953125,3.48
399.96337890625,399.59716796875,3.49
399.96337890625,399.59716796875,3.5
399.96337890625,400.20751953125,3.51
399.96337890625,399.59716796875,3.52
399.96337890625,399.59716796875,3.53
399.96337890625,400.20751953125,3.54
399.96337890625,400.20751953125,3.55
399.96337890625,399.59716796875,3.56
399.96337890625,400.20751953125,3.57
399.96337890625,400.20751953125,3.58
399.96337890625,399.59716796875,3.59
399.96337890625,400.20751953125,3.6
399.96337890625,400.20751953125,3.61
399.96337890625,399.59716796875,3.62
399.96337890625,399.59716796875,3.63
399.96337890625,400.20751953125,3.64
399.96337890625,399.59716796875,3.65
399.96337890625,400.20751953125,3.66
399.96337890625,399.59716796875,3.67
399.96337890625,400.20751953125,3.68
399.96337890625,399.59716796875,3.69
399.96337890625,400.20751953125,3.7
399.96337890625,400.20751953125,3.71
399.96337890625,400.20751953125,3.72
399.96337890625,400.20751953125,3.73
399.96337890625,399.59716796875,3.74
399.96337890625,400.20751953125,3.75
399.96337890625,399.59716796875,3.76
399.96337890625,400.20751953125,3.77
399.96337890625,400.20751953125,3.78
399.96337890625,399.59716796875,3.79
399.96337890625,400.20751953125,3.8
399.96337890625,399.59716796875,3.81
399.96337890625,400.20751953125,3.82
399.96337890625,400.20751953125,3.83
399.96337890625,399.59716796875,3.84
399.96337890625,400.20751953125,3.85
399.96337890625,399.59716796875,3.86
399.96337890625,400.20751953125,3.87
399.96337890625,400.20751953125,3.88
399.96337890625,400.20751953125,3.89
399.96337890625,400.20751953125,3.9
399.96337890625,399.59716796875,3.91
399.96337890625,399.59716796875,3.92
399.96337890625,400.20751953125,3.93
399.96337890625,399.59716796875,3.94
399.90234375,400.20751953125,3.95
399.658203125,399.59716796875,3.96
399.23095703125,400.20751953125,3.97
398.62060546875,398.98681640625,3.98
397.76611328125,399.59716796875,3.99
396.728515625,398.98681640625,4.0
395.5078125,398.37646484375,4.01
394.04296875,397.15576171875,4.02
392.39501953125,396.6064453125,4.03
390.56396484375,395.3857421875,4.04
388.5498046875,393.5546875,4.05
386.29150390625,393.00537109375,4.06
383.85009765625,390.56396484375,4.07
381.2255859375,389.404296875,4.08
378.41796875,386.962890625,4.09
375.3662109375,384.58251953125,4.1
372.0703125,383.36181640625,4.11
368.59130859375,379.7607421875,4.12
364.990234375,377.38037109375,4.13
361.14501953125,375.0,4.14
357.11669921875,372.00927734375,4.15
352.84423828125,368.95751953125,4.16
348.388671875,365.3564453125,4.17
343.75,362.36572265625,4.18
338.92822265625,358.7646484375,4.19
333.8623046875,355.16357421875,4.2
328.55224609375,350.9521484375,4.21
323.1201171875,347.35107421875,4.22
317.44384765625,342.59033203125,4.23
311.58447265625,338.9892578125,4.24
305.5419921875,334.16748046875,4.25
299.31640625,329.9560546875,4.26
292.8466796875,324.5849609375,4.27
286.19384765625,320.37353515625,4.28
279.35791015625,315.5517578125,4.29
272.3388671875,310.1806640625,4.3
264.95361328125,304.19921875,4.31
257.50732421875,298.15673828125,4.32
249.81689453125,291.56494140625,4.33
242.00439453125,284.97314453125,4.34
233.94775390625,277.77099609375,4.35
225.7080078125,269.95849609375,4.36
217.22412109375,260.986328125,4.37
208.6181640625,253.7841796875,4.38
199.76806640625,244.7509765625,4.39
190.673828125,236.38916015625,4.4
181.2744140625,227.35595703125,4.41
171.81396484375,218.3837890625,4.42
162.17041015625,209.9609375,4.43
152.28271484375,199.76806640625,4.44
142.27294921875,190.7958984375,4.45
132.01904296875,180.60302734375,4.46
121.52099609375,171.56982421875,4.47
110.90087890625,160.7666015625,4.48
100.03662109375,151.18408203125,4.49
88.9892578125,140.380859375,4.5
77.5146484375,130.18798828125,4.51
66.0400390625,118.7744140625,4.52
54.38232421875,107.97119140625,4.53
42.54150390625,96.5576171875,4.54
30.45654296875,85.75439453125,4.55
18.24951171875,74.40185546875,4.56
5.79833984375,61.767578125,4.57
-6.8359375,50.35400390625,4.58
-19.34814453125,40.771484375,4.59
-31.6162109375,32.958984375,4.6
-43.9453125,21.54541015625,4.61
-55.84716796875,6.591796875,4.62
-67.56591796875,-6.65283203125,4.63
-79.04052734375,-15.625,4.64
-90.33203125,-24.658203125,4.65
-101.4404296875,-36.62109375,4.66
-112.3046875,-48.03466796875,4.67
-123.046875,-60.60791015625,4.68
-133.544921875,-74.40185546875,4.69
-143.798828125,-84.65576171875,4.7
-154.11376953125,-93.017578125,4.71
-164.00146484375,-103.82080078125,4.72
-173.7060546875,-114.013671875,4.73
-183.16650390625,-123.6572265625,4.74
-192.5048828125,-135.009765625,4.75
-201.5380859375,-145.263671875,4.76
-210.44921875,-151.85546875,4.77
-219.1162109375,-162.04833984375,4.78
-227.6611328125,-174.62158203125,4.79
-235.90087890625,-181.21337890625,4.8
-244.20166015625,-188.41552734375,4.81
-252.0751953125,-199.8291015625,4.82
-259.765625,-207.6416015625,4.83
-267.2119140625,-215.4541015625,4.84
-274.5361328125,-223.81591796875,4.85
-281.6162109375,-231.62841796875,4.86
-288.51318359375,-240.66162109375,4.87
-295.166015625,-247.25341796875,4.88
-301.69677734375,-253.84521484375,4.89
-307.9833984375,-262.8173828125,4.9
-314.14794921875,-270.01953125,4.91
-320.068359375,-276.06201171875,4.92
-325.74462890625,-282.04345703125,4.93
-331.23779296875,-289.24560546875,4.94
-336.48681640625,-296.44775390625,4.95
-341.552734375,-301.81884765625,4.96
-346.435546875,-307.2509765625,4.97
-351.13525390625,-313.8427734375,4.98
-355.65185546875,-319.2138671875,4.99
-359.92431640625,-324.03564453125,5.0
-364.07470703125,-330.01708984375,5.01
-367.98095703125,-334.8388671875,5.02
-371.64306640625,-339.05029296875,5.03
-375.1220703125,-343.81103515625,5.04
-378.41796875,-349.2431640625,5.05
-381.4697265625,-352.23388671875,5.06
-384.33837890625,-356.4453125,5.07
-387.02392578125,-360.65673828125,5.08
-389.5263671875,-364.2578125,5.09
-391.78466796875,-367.24853515625,5.1
-393.9208984375,-370.2392578125,5.11
-395.751953125,-373.84033203125,5.12
-397.4609375,-376.8310546875,5.13
-398.92578125,-379.21142578125,5.14
-400.20751953125,-381.04248046875,5.15
-401.30615234375,-384.033203125,5.16
-402.16064453125,-385.8642578125,5.17
-402.83203125,-388.24462890625,5.18
-403.3203125,-389.46533203125,5.19
-403.564453125,-390.625,5.2
-403.62548828125,-391.845703125,5.21
-403.50341796875,-393.61572265625,5.22
-403.1982421875,-394.22607421875,5.23
-402.64892578125,-394.22607421875,5.24
-401.91650390625,-394.83642578125,5.25
-401.123046875,-394.83642578125,5.26
-400.5126953125,-395.44677734375,5.27
-400.08544921875,-395.44677734375,5.28
-399.84130859375,-395.44677734375,5.29
-399.84130859375,-396.05712890625,5.3
-399.96337890625,-395.44677734375,5.31
-400.08544921875,-396.66748046875,5.32
-400.0244140625,-396.66748046875,5.33
-400.0244140625,-397.216796875,5.34
-400.0244140625,-397.216796875,5.35
-400.0244140625,-397.216796875,5.36
-400.0244140625,-397.8271484375,5.37
-400.0244140625,-397.8271484375,5.38
-400.0244140625,-397.8271484375,5.39
-400.0244140625,-398.4375,5.4
-400.0244140625,-397.8271484375,5.41
-400.0244140625,-398.4375,5.42
-400.0244140625,-398.4375,5.43
-400.0244140625,-398.4375,5.44
-400.0244140625,-399.0478515625,5.45
-400.0244140625,-399.0478515625,5.46
-400.0244140625,-398.4375,5.47
-400.0244140625,-399.0478515625,5.48
-400.0244140625,-399.658203125,5.49
-400.0244140625,-399.0478515625,5.5
-400.0244140625,-399.658203125,5.51
-400.0244140625,-399.0478515625,5.52
-400.0244140625,-399.658203125,5.53
-400.0244140625,-399.0478515625,5.54
-400.0244140625,-399.658203125,5.55
-400.0244140625,-399.658203125,5.56
-400.0244140625,-399.0478515625,5.57
-400.0244140625,-399.658203125,5.58
-400.0244140625,-399.0478515625,5.59
-400.0244140625,-399.658203125,5.6
-400.0244140625,-400.2685546875,5.61
-400.0244140625,-399.658203125,5.62
-400.0244140625,-399.658203125,5.63
-400.0244140625,-399.658203125,5.64
-400.0244140625,-399.658203125,5.65
-400.0244140625,-399.658203125,5.66
-400.0244140625,-400.2685546875,5.67
-400.0244140625,-400.2685546875,5.68
-400.0244140625,-399.658203125,5.69
-400.0244140625,-399.658203125,5.7
-400.0244140625,-399.658203125,5.71
-400.0244140625,-399.658203125,5.72
-400.0244140625,-399.658203125,5.73
-400.0244140625,-400.2685546875,5.74
-400.0244140625,-399.658203125,5.75
-400.0244140625,-400.2685546875,5.76
-400.0244140625,-399.658203125,5.77
-400.0244140625,-399.658203125,5.78
-400.0244140625,-400.2685546875,5.79
-400.0244140625,-400.2685546875,5.8
-400.0244140625,-400.2685546875,5.81
-400.0244140625,-399.658203125,5.82
-400.0244140625,-400.2685546875,5.83
-400.0244140625,-400.2685546875,5.84
-400.0244140625,-399.658203125,5.85
-400.0244140625,-400.2685546875,5.86
-400.0244140625,-399.658203125,5.87
-400.0244140625,-399.658203125,5.88
-400.0244140625,-400.2685546875,5.89
-400.0244140625,-400.2685546875,5.9
-400.0244140625,-399.658203125,5.91
-400.0244140625,-400.2685546875,5.92
-400.0244140625,-400.2685546875,5.93
-400.0244140625,-400.2685546875,5.94
-400.0244140625,-399.658203125,5.95
-400.0244140625,-400.2685546875,5.96
-400.0244140625,-400.2685546875,5.97
-400.0244140625,-400.2685546875,5.98
-400.0244140625,-400.2685546875,5.99
-400.0244140625,-399.658203125,6.0
-400.0244140625,-400.2685546875,6.01
-400.0244140625,-399.658203125,6.02
-400.0244140625,-400.2685546875,6.03
-400.0244140625,-399.658203125,6.04
-400.0244140625,-399.658203125,6.05
-400.0244140625,-400.2685546875,6.06
-400.0244140625,-400.2685546875,6.07
-400.0244140625,-400.2685546875,6.08
-400.0244140625,-399.658203125,6.09
-400.0244140625,-400.2685546875,6.1
-400.0244140625,-400.2685546875,6.11
-400.0244140625,-400.2685546875,6.12
-400.0244140625,-400.2685546875,6.13
-400.0244140625,-399.658203125,6.14
-400.0244140625,-400.2685546875,6.15
-400.0244140625,-399.658203125,6.16
-400.0244140625,-400.2685546875,6.17
-400.0244140625,-399.658203125,6.18
-400.0244140625,-400.2685546875,6.19
-400.0244140625,-400.2685546875,6.2
-400.0244140625,-399.658203125,6.21
-400.0244140625,-400.2685546875,6.22
-400.0244140625,-400.2685546875,6.23
-400.0244140625,-400.2685546875,6.24
-400.0244140625,-399.658203125,6.25
-400.0244140625,-400.2685546875,6.26
-400.0244140625,-400.2685546875,6.27
-400.0244140625,-400.2685546875,6.28
-400.0244140625,-399.658203125,6.29
-400.0244140625,-400.2685546875,6.3
-400.0244140625,-400.2685546875,6.31
-400.0244140625,-399.658203125,6.32
-400.0244140625,-399.658203125,6.33
-400.0244140625,-399.658203125,6.34
-400.0244140625,-400.2685546875,6.35
-400.0244140625,-399.658203125,6.36
-400.0244140625,-400.2685546875,6.37
-400.0244140625,-400.2685546875,6.38
-400.0244140625,-399.658203125,6.39
-400.0244140625,-400.2685546875,6.4
-400.0244140625,-400.2685546875,6.41
-400.0244140625,-399.658203125,6.42
-400.0244140625,-400.2685546875,6.43
-400.0244140625,-400.2685546875,6.44
-400.0244140625,-399.658203125,6.45
-400.0244140625,-400.2685546875,6.46
-400.0244140625,-399.658203125,6.47
-400.0244140625,-400.2685546875,6.48
-400.0244140625,-399.658203125,6.49
-400.0244140625,-400.2685546875,6.5
-400.0244140625,-400.2685546875,6.51
-400.0244140625,-399.658203125,6.52
-400.0244140625,-400.2685546875,6.53
-400.0244140625,-400.2685546875,6.54
-400.0244140625,-400.2685546875,6.55
-400.0244140625,-399.658203125,6.56
-400.0244140625,-400.2685546875,6.57
-400.0244140625,-400.81787109375,6.58
-400.0244140625,-399.658203125,6.59
-400.0244140625,-400.2685546875,6.6
-400.0244140625,-400.2685546875,6.61
-400.0244140625,-399.658203125,6.62
-400.0244140625,-400.2685546875,6.63
-400.0244140625,-399.658203125,6.64
-400.0244140625,-399.658203125,6.65
-400.0244140625,-400.2685546875,6.66
-400.0244140625,-400.2685546875,6.67
-400.0244140625,-400.2685546875,6.68
-400.0244140625,-399.658203125,6.69
-400.0244140625,-400.2685546875,6.7
-400.0244140625,-400.2685546875,6.71
-400.0244140625,-400.2685546875,6.72
-400.0244140625,-399.658203125,6.73
-400.0244140625,-400.2685546875,6.74
-400.0244140625,-399.658203125,6.75
-400.0244140625,-400.2685546875,6.76
-400.0244140625,-399.658203125,6.77
-400.0244140625,-400.2685546875,6.78
-400.0244140625,-399.658203125,6.79
-400.0244140625,-400.2685546875,6.8
-400.0244140625,-399.658203125,6.81
-400.0244140625,-400.2685546875,6.82
-400.0244140625,-400.2685546875,6.83
-400.0244140625,-399.658203125,6.84
-400.0244140625,-400.2685546875,6.85
-400.0244140625,-400.2685546875,6.86
-400.0244140625,-400.2685546875,6.87
-400.0244140625,-400.2685546875,6.88
-400.0244140625,-400.2685546875,6.89
-400.0244140625,-399.658203125,6.9
-400.0244140625,-400.2685546875,6.91
-400.0244140625,-399.658203125,6.92
-400.0244140625,-400.2685546875,6.93
-400.0244140625,-399.658203125,6.94
-400.0244140625,-400.2685546875,6.95
-400.0244140625,-400.2685546875,6.96
-400.0244140625,-400.2685546875,6.97
-400.0244140625,-399.658203125,6.98
-400.0244140625,-400.2685546875,6.99
-400.0244140625,-400.2685546875,7.0
-400.0244140625,-400.2685546875,7.01
-400.0244140625,-399.658203125,7.02
-400.0244140625,-400.81787109375,7.03
-400.0244140625,-399.658203125,7.04
-400.0244140625,-400.2685546875,7.05
-400.0244140625,-400.2685546875,7.06
-400.0244140625,-399.658203125,7.07
-400.0244140625,-399.658203125,7.08
-400.0244140625,-400.2685546875,7.09
-400.0244140625,-399.658203125,7.1
-400.0244140625,-400.2685546875,7.11
-400.0244140625,-400.2685546875,7.12
-400.0244140625,-399.658203125,7.13
-400.0244140625,-400.2685546875,7.14
-400.0244140625,-399.658203125,7.15
-400.0244140625,-400.2685546875,7.16
-400.0244140625,-400.2685546875,7.17
-400.0244140625,-400.2685546875,7.18
-400.0244140625,-399.658203125,7.19
-400.0244140625,-399.658203125,7.2
-400.0244140625,-400.2685546875,7.21
-400.0244140625,-400.2685546875,7.22
-400.0244140625,-399.658203125,7.23
-400.0244140625,-399.658203125,7.24
-400.0244140625,-400.2685546875,7.25
-400.0244140625,-399.658203125,7.26
-400.0244140625,-400.2685546875,7.27
-400.0244140625,-399.658203125,7.28
-400.0244140625,-400.2685546875,7.29
-400.0244140625,-400.2685546875,7.3
-400.0244140625,-400.2685546875,7.31
-400.0244140625,-399.658203125,7.32
-400.0244140625,-400.2685546875,7.33
-400.0244140625,-400.2685546875,7.34
-400.0244140625,-399.658203125,7.35
-400.0244140625,-400.2685546875,7.36
-400.0244140625,-400.2685546875,7.37
-400.0244140625,-399.658203125,7.38
-400.0244140625,-399.658203125,7.39
-400.0244140625,-399.658203125,7.4
-400.0244140625,-400.2685546875,7.41
-400.0244140625,-400.2685546875,7.42
-400.0244140625,-400.2685546875,7.43
-400.0244140625,-399.658203125,7.44
-400.0244140625,-400.2685546875,7.45
-400.0244140625,-399.658203125,7.46
-400.0244140625,-400.2685546875,7.47
-400.0244140625,-400.81787109375,7.48
-400.0244140625,-399.658203125,7.49
-400.0244140625,-399.658203125,7.5
-400.0244140625,-400.2685546875,7.51
-400.0244140625,-399.658203125,7.52
-400.0244140625,-400.2685546875,7.53
-400.0244140625,-399.658203125,7.54
-400.0244140625,-399.658203125,7.55
-400.0244140625,-400.2685546875,7.56
-400.0244140625,-399.658203125,7.57
-400.0244140625,-400.2685546875,7.58
-400.0244140625,-400.2685546875,7.59
-400.0244140625,-399.658203125,7.6
-400.0244140625,-400.2685546875,7.61
-400.0244140625,-400.2685546875,7.62
-400.0244140625,-400.2685546875,7.63
-400.0244140625,-399.658203125,7.64
-400.0244140625,-400.2685546875,7.65
-400.0244140625,-399.658203125,7.66
-400.0244140625,-400.2685546875,7.67
-400.0244140625,-399.658203125,7.68
-400.0244140625,-399.658203125,7.69
-400.0244140625,-400.2685546875,7.7
-400.0244140625,-400.2685546875,7.71
-400.0244140625,-399.658203125,7.72
-400.0244140625,-400.2685546875,7.73
-400.0244140625,-399.658203125,7.74
-400.0244140625,-400.81787109375,7.75
-400.0244140625,-399.658203125,7.76
-400.0244140625,-400.2685546875,7.77
-400.0244140625,-399.658203125,7.78
-400.0244140625,-400.2685546875,7.79
-400.0244140625,-400.2685546875,7.8
-400.0244140625,-399.658203125,7.81
-400.0244140625,-399.658203125,7.82
-400.0244140625,-400.2685546875,7.83
-400.0244140625,-399.658203125,7.84
-400.0244140625,-400.2685546875,7.85
-400.0244140625,-399.658203125,7.86
-400.0244140625,-400.2685546875,7.87
-400.0244140625,-400.2685546875,7.88
-400.0244140625,-400.2685546875,7.89
-400.0244140625,-399.658203125,7.9
-400.0244140625,-400.2685546875,7.91
-400.0244140625,-400.2685546875,7.92
-400.0244140625,-400.2685546875,7.93
-400.0244140625,-400.2685546875,7.94
-400.0244140625,-399.658203125,7.95
-400.0244140625,-399.658203125,7.96
-400.0244140625,-400.2685546875,7.97
-400.0244140625,-400.2685546875,7.98
-400.0244140625,-399.658203125,7.99
-400.0244140625,-400.2685546875,8.0
-400.0244140625,-400.2685546875,8.01
-400.0244140625,-399.658203125,8.02
-400.0244140625,-400.81787109375,8.03
-400.0244140625,-399.658203125,8.04
-400.0244140625,-400.2685546875,8.05
-400.0244140625,-400.2685546875,8.06
-400.0244140625,-400.2685546875,8.07
-400.0244140625,-400.2685546875,8.08
-400.0244140625,-400.2685546875,8.09
-400.0244140625,-399.658203125,8.1
-400.0244140625,-400.2685546875,8.11
-400.0244140625,-399.658203125,8.12
-400.0244140625,-400.2685546875,8.13
-400.0244140625,-399.658203125,8.14
-400.0244140625,-400.2685546875,8.15
-400.0244140625,-400.2685546875,8.16
-400.0244140625,-400.2685546875,8.17
-400.0244140625,-399.658203125,8.18
-400.0244140625,-400.2685546875,8.19
-400.0244140625,-400.81787109375,8.2
-400.0244140625,-399.658203125,8.21
-400.0244140625,-400.2685546875,8.22
-400.0244140625,-399.658203125,8.23
-400.0244140625,-400.2685546875,8.24
-400.0244140625,-400.2685546875,8.25
-400.0244140625,-399.658203125,8.26
-400.0244140625,-399.658203125,8.27
-400.0244140625,-400.2685546875,8.28
-400.0244140625,-399.658203125,8.29
-400.0244140625,-400.2685546875,8.3
-400.0244140625,-400.2685546875,8.31
-400.0244140625,-399.658203125,8.32
-400.0244140625,-400.2685546875,8.33
-400.0244140625,-400.2685546875,8.34
-400.0244140625,-400.2685546875,8.35
-400.0244140625,-400.2685546875,8.36
-400.0244140625,-399.658203125,8.37
-400.0244140625,-400.2685546875,8.38
-400.0244140625,-399.658203125,8.39
-400.0244140625,-400.2685546875,8.4
-400.0244140625,-399.658203125,8.41
-400.0244140625,-400.2685546875,8.42
-400.0244140625,-399.658203125,8.43
-400.0244140625,-400.2685546875,8.44
-400.0244140625,-399.658203125,8.45
-400.0244140625,-400.2685546875,8.46
-400.0244140625,-399.658203125,8.47
-400.0244140625,-400.2685546875,8.48
-400.0244140625,-399.658203125,8.49
-400.0244140625,-400.2685546875,8.5
-400.0244140625,-400.2685546875,8.51
-400.0244140625,-399.658203125,8.52
-400.0244140625,-400.2685546875,8.53
-400.0244140625,-400.2685546875,8.54
-400.0244140625,-399.658203125,8.55
-400.0244140625,-399.658203125,8.56
-400.0244140625,-399.658203125,8.57
-400.0244140625,-400.2685546875,8.58
-400.0244140625,-399.658203125,8.59
-400.0244140625,-400.2685546875,8.6
-400.0244140625,-399.658203125,8.61
-400.0244140625,-400.2685546875,8.62
-400.0244140625,-400.2685546875,8.63
-400.0244140625,-399.658203125,8.64
-400.0244140625,-400.2685546875,8.65
-400.0244140625,-400.2685546875,8.66
-400.0244140625,-399.658203125,8.67
-400.0244140625,-400.2685546875,8.68
-400.0244140625,-399.658203125,8.69
-400.0244140625,-400.2685546875,8.7
-400.0244140625,-399.658203125,8.71
-400.0244140625,-399.658203125,8.72
-400.0244140625,-400.2685546875,8.73
-400.0244140625,-399.658203125,8.74
-400.0244140625,-399.658203125,8.75
-400.0244140625,-400.2685546875,8.76
-400.0244140625,-400.2685546875,8.77
-400.0244140625,-399.658203125,8.78
-400.0244140625,-400.2685546875,8.79
-400.0244140625,-400.2685546875,8.8
-400.0244140625,-399.658203125,8.81
-400.0244140625,-400.2685546875,8.82
-400.0244140625,-400.2685546875,8.83
-400.0244140625,-399.658203125,8.84
-400.0244140625,-400.2685546875,8.85
-400.0244140625,-399.658203125,8.86
-400.0244140625,-400.2685546875,8.87
-400.0244140625,-399.658203125,8.88
-400.0244140625,-399.658203125,8.89
-400.0244140625,-400.2685546875,8.9
-400.0244140625,-400.2685546875,8.91
-400.0244140625,-400.2685546875,8.92
-400.0244140625,-399.658203125,8.93
-400.0244140625,-400.2685546875,8.94
-400.0244140625,-400.2685546875,8.95
-400.0244140625,-400.2685546875,8.96
-400.0244140625,-399.658203125,8.97
-400.0244140625,-400.2685546875,8.98
-400.0244140625,-400.2685546875,8.99
-400.0244140625,-400.2685546875,9.0
-400.0244140625,-399.658203125,9.01
-400.0244140625,-399.658203125,9.02
-400.0244140625,-400.2685546875,9.03
-400.0244140625,-400.2685546875,9.04
-400.0244140625,-400.2685546875,9.05
-400.0244140625,-400.2685546875,9.06
-400.0244140625,-399.658203125,9.07
-400.0244140625,-400.2685546875,9.08
-400.0244140625,-400.2685546875,9.09
-400.0244140625,-400.81787109375,9.1
-400.0244140625,-399.658203125,9.11
-400.0244140625,-400.2685546875,9.12
-400.0244140625,-400.2685546875,9.13
-400.0244140625,-400.2685546875,9.14
-400.0244140625,-399.658203125,9.15
-400.0244140625,-400.2685546875,9.16
-400.0244140625,-399.658203125,9.17
-400.0244140625,-400.2685546875,9.18
-400.0244140625,-400.2685546875,9.19
-400.0244140625,-399.658203125,9.2
-400.0244140625,-400.2685546875,9.21
-400.0244140625,-400.2685546875,9.22
-400.0244140625,-400.2685546875,9.23
-400.0244140625,-399.658203125,9.24
-400.0244140625,-400.2685546875,9.25
-400.0244140625,-400.81787109375,9.26
-400.0244140625,-399.658203125,9.27
-400.0244140625,-400.2685546875,9.28
-400.0244140625,-399.658203125,9.29
-400.0244140625,-400.2685546875,9.3
-400.0244140625,-399.658203125,9.31
-400.0244140625,-399.658203125,9.32
-400.0244140625,-400.2685546875,9.33
-400.0244140625,-399.658203125,9.34
-400.0244140625,-400.2685546875,9.35
-400.0244140625,-399.658203125,9.36
-400.0244140625,-400.2685546875,9.37
-400.0244140625,-399.658203125,9.38
-400.0244140625,-400.2685546875,9.39
-400.0244140625,-400.2685546875,9.4
-400.0244140625,-400.2685546875,9.41
-400.0244140625,-399.658203125,9.42
-400.0244140625,-400.2685546875,9.43
-400.0244140625,-400.2685546875,9.44
-400.0244140625,-399.658203125,9.45
-400.0244140625,-399.658203125,9.46
-400.0244140625,-400.2685546875,9.47
-400.0244140625,-400.2685546875,9.48
-400.0244140625,-399.658203125,9.49
-400.0244140625,-399.658203125,9.5
-400.0244140625,-400.2685546875,9.51
-400.0244140625,-400.2685546875,9.52
-400.0244140625,-400.2685546875,9.53
-400.0244140625,-399.658203125,9.54
-400.0244140625,-400.2685546875,9.55
-400.0244140625,-400.81787109375,9.56
-400.0244140625,-399.658203125,9.57
-400.0244140625,-400.2685546875,9.58
-400.0244140625,-400.2685546875,9.59
-400.0244140625,-399.658203125,9.6
-400.0244140625,-400.2685546875,9.61
-400.0244140625,-399.658203125,9.62
-400.0244140625,-400.2685546875,9.63
-400.0244140625,-399.658203125,9.64
-400.0244140625,-400.2685546875,9.65
-400.0244140625,-400.2685546875,9.66
-400.0244140625,-399.658203125,9.67
-400.0244140625,-400.2685546875,9.68
-400.0244140625,-400.2685546875,9.69
-400.0244140625,-400.2685546875,9.7
-400.0244140625,-400.2685546875,9.71
-400.0244140625,-399.658203125,9.72
-400.0244140625,-400.2685546875,9.73
-400.0244140625,-400.2685546875,9.74
-400.0244140625,-399.658203125,9.75
-400.0244140625,-399.658203125,9.76
-400.0244140625,-400.2685546875,9.77
-400.0244140625,-399.658203125,9.78
-400.0244140625,-400.2685546875,9.79
-400.0244140625,-400.2685546875,9.8
-400.0244140625,-399.658203125,9.81
-400.0244140625,-400.2685546875,9.82
-400.0244140625,-400.2685546875,9.83
-400.0244140625,-400.2685546875,9.84
-400.0244140625,-399.658203125,9.85
-400.0244140625,-400.2685546875,9.86
-400.0244140625,-400.2685546875,9.87
-400.0244140625,-400.2685546875,9.88
-400.0244140625,-400.2685546875,9.89
-400.0244140625,-399.658203125,9.9
-400.0244140625,-399.658203125,9.91
-400.0244140625,-400.2685546875,9.92
-400.0244140625,-399.658203125,9.93
-400.0244140625,-400.2685546875,9.94
-400.0244140625,-399.658203125,9.95
-400.0244140625,-400.2685546875,9.96
-400.0244140625,-400.2685546875,9.97
-400.0244140625,-400.2685546875,9.98
-400.0244140625,-400.2685546875,9.99
-400.0244140625,-399.658203125,10.0
-400.0244140625,-400.2685546875,10.01
-400.0244140625,-400.81787109375,10.02
-400.0244140625,-399.658203125,10.03
-400.0244140625,-400.2685546875,10.04
-400.0244140625,-399.658203125,10.05
-400.0244140625,-400.2685546875,10.06
-400.0244140625,-399.658203125,10.07
-400.0244140625,-399.658203125,10.08
-400.0244140625,-400.2685546875,10.09
-400.0244140625,-399.658203125,10.1
-400.0244140625,-400.2685546875,10.11
-400.0244140625,-400.2685546875,10.12
-400.0244140625,-399.658203125,10.13
-400.0244140625,-400.2685546875,10.14
-400.0244140625,-400.2685546875,10.15
-400.0244140625,-399.658203125,10.16
-400.0244140625,-400.2685546875,10.17
-400.0244140625,-400.2685546875,10.18
-400.0244140625,-399.658203125,10.19
-400.0244140625,-399.658203125,10.2
-400.0244140625,-400.2685546875,10.21
-400.0244140625,-399.658203125,10.22
-400.0244140625,-399.658203125,10.23
-400.0244140625,-400.2685546875,10.24
-400.0244140625,-399.658203125,10.25
-400.0244140625,-400.2685546875,10.26
-400.0244140625,-399.658203125,10.27
-400.0244140625,-400.2685546875,10.28
-400.0244140625,-400.2685546875,10.29
-400.0244140625,-399.658203125,10.3
-400.0244140625,-400.2685546875,10.31
-400.0244140625,-400.2685546875,10.32
-400.0244140625,-400.2685546875,10.33
-400.0244140625,-399.658203125,10.34
-400.0244140625,-400.2685546875,10.35
-400.0244140625,-399.658203125,10.36
-400.0244140625,-399.658203125,10.37
-400.0244140625,-400.2685546875,10.38
-400.0244140625,-399.658203125,10.39
-400.0244140625,-400.2685546875,10.4
-399.96337890625,-399.658203125,10.41
-399.71923828125,-400.2685546875,10.42
-399.2919921875,-399.658203125,10.43
-398.681640625,-400.2685546875,10.44
-397.8271484375,-399.0478515625,10.45
-396.8505859375,-399.0478515625,10.46
-395.56884765625,-398.4375,10.47
-394.1650390625,-397.8271484375,10.48
-392.51708984375,-396.66748046875,10.49
-390.68603515625,-395.44677734375,10.5
-388.671875,-393.61572265625,10.51
-386.41357421875,-393.06640625,10.52
-383.97216796875,-391.2353515625,10.53
-381.34765625,-389.46533203125,10.54
-378.47900390625,-387.63427734375,10.55
-375.42724609375,-385.25390625,10.56
-372.1923828125,-382.8125,10.57
-368.7744140625,-381.65283203125,10.58
-365.17333984375,-378.0517578125,10.59
-361.328125,-375.6103515625,10.6
-357.177734375,-372.61962890625,10.61
-352.96630859375,-369.62890625,10.62
-348.5107421875,-366.63818359375,10.63
-343.8720703125,-362.4267578125,10.64
-339.05029296875,-359.43603515625,10.65
-333.984375,-355.8349609375,10.66
-328.7353515625,-352.23388671875,10.67
-323.30322265625,-348.0224609375,10.68
-317.68798828125,-343.81103515625,10.69
-311.82861328125,-339.66064453125,10.7
-305.6640625,-335.44921875,10.71
-299.4384765625,-330.62744140625,10.72
-292.96875,-326.416015625,10.73
-286.376953125,-321.6552734375,10.74
-279.47998046875,-316.83349609375,10.75
-272.4609375,-312.01171875,10.76
-265.19775390625,-306.0302734375,10.77
-257.75146484375,-300.6591796875,10.78
-250.1220703125,-293.45703125,10.79
-242.3095703125,-287.41455078125,10.8
-234.06982421875,-279.6630859375,10.81
-225.830078125,-272.4609375,10.82
-217.4072265625,-264.6484375,10.83
-208.740234375,-256.2255859375,10.84
-199.89013671875,-247.86376953125,10.85
-190.85693359375,-239.44091796875,10.86
-181.57958984375,-231.01806640625,10.87
-172.18017578125,-221.435546875,10.88
-162.53662109375,-212.46337890625,10.89
-152.64892578125,-203.43017578125,10.9
-142.39501953125,-193.2373046875,10.91
-132.14111328125,-184.26513671875,10.92
-121.7041015625,-174.62158203125,10.93
-111.083984375,-164.4287109375,10.94
-100.2197265625,-153.62548828125,10.95
-89.17236328125,-144.04296875,10.96
-77.94189453125,-133.85009765625,10.97
-66.46728515625,-122.4365234375,10.98
-54.8095703125,-112.24365234375,10.99
-42.96875,-99.609375,11.0
-30.6396484375,-88.80615234375,11.01
-18.4326171875,-77.45361328125,11.02
-5.9814453125,-64.8193359375,11.03
6.65283203125,-54.01611328125,11.04
19.1650390625,-43.8232421875,11.05
31.43310546875,-35.46142578125,11.06
43.51806640625,-24.658203125,11.07
55.419921875,-9.033203125,11.08
67.138671875,4.7607421875,11.09
78.67431640625,13.18359375,11.1
90.14892578125,21.54541015625,11.11
101.25732421875,34.1796875,11.12
112.1826171875,44.98291015625,11.13
122.86376953125,54.5654296875,11.14
133.36181640625,67.19970703125,11.15
143.6767578125,81.54296875,11.16
153.74755859375,92.95654296875,11.17
163.63525390625,100.15869140625,11.18
173.33984375,109.80224609375,11.19
182.861328125,119.9951171875,11.2
192.32177734375,131.34765625,11.21
201.416015625,141.6015625,11.22
210.3271484375,149.96337890625,11.23
218.994140625,158.38623046875,11.24
227.47802734375,169.7998046875,11.25
235.77880859375,179.38232421875,11.26
243.896484375,185.36376953125,11.27
251.77001953125,195.556640625,11.28
259.46044921875,205.74951171875,11.29
266.9677734375,213.56201171875,11.3
274.4140625,220.15380859375,11.31
281.494140625,229.18701171875,11.32
288.39111328125,238.1591796875,11.33
295.0439453125,244.20166015625,11.34
301.57470703125,251.953125,11.35
307.861328125,259.765625,11.36
313.90380859375,267.578125,11.37
319.82421875,273.5595703125,11.38
325.50048828125,280.76171875,11.39
330.99365234375,286.80419921875,11.4
336.36474609375,294.00634765625,11.41
341.49169921875,299.98779296875,11.42
346.37451171875,305.96923828125,11.43
351.01318359375,311.95068359375,11.44
355.52978515625,316.7724609375,11.45
359.80224609375,322.75390625,11.46
363.8916015625,328.18603515625,11.47
367.7978515625,333.0078125,11.48
371.4599609375,337.7685546875,11.49
374.93896484375,342.59033203125,11.5
378.2958984375,346.8017578125,11.51
381.40869140625,351.5625,11.52
384.27734375,355.77392578125,11.53
386.962890625,358.7646484375,11.54
389.404296875,363.58642578125,11.55
391.7236328125,366.5771484375,11.56
393.798828125,369.56787109375,11.57
395.69091796875,372.55859375,11.58
397.3388671875,375.54931640625,11.59
398.8037109375,378.60107421875,11.6
400.146484375,380.9814453125,11.61
401.18408203125,382.75146484375,11.62
402.099609375,385.19287109375,11.63
402.77099609375,387.5732421875,11.64
403.25927734375,388.7939453125,11.65
403.50341796875,389.95361328125,11.66
403.62548828125,391.78466796875,11.67
403.4423828125,393.00537109375,11.68
403.13720703125,393.5546875,11.69
402.64892578125,394.775390625,11.7
401.91650390625,394.775390625,11.71
401.06201171875,395.3857421875,11.72
400.45166015625,395.3857421875,11.73
400.0244140625,395.3857421875,11.74
399.7802734375,395.99609375,11.75
399.7802734375,395.3857421875,11.76
399.90234375,395.99609375,11.77
400.0244140625,395.99609375,11.78
399.96337890625,397.15576171875,11.79
399.96337890625,396.6064453125,11.8
399.96337890625,397.15576171875,11.81
399.96337890625,397.15576171875,11.82
399.96337890625,397.76611328125,11.83
399.96337890625,397.76611328125,11.84
399.96337890625,397.76611328125,11.85
399.96337890625,398.37646484375,11.86
399.96337890625,398.37646484375,11.87
399.96337890625,398.37646484375,11.88
399.96337890625,398.98681640625,11.89
399.96337890625,398.37646484375,11.9
399.96337890625,398.37646484375,11.91
399.96337890625,398.98681640625,11.92
399.96337890625,398.98681640625,11.93
399.96337890625,398.98681640625,11.94
399.96337890625,398.98681640625,11.95
399.96337890625,399.59716796875,11.96
399.96337890625,398.98681640625,11.97
399.96337890625,398.98681640625,11.98
399.96337890625,399.59716796875,11.99
399.96337890625,399.59716796875,12.0
399.96337890625,399.59716796875,12.01
399.96337890625,399.59716796875,12.02
399.96337890625,398.98681640625,12.03
399.96337890625,399.59716796875,12.04
399.96337890625,399.59716796875,12.05
399.96337890625,399.59716796875,12.06
399.96337890625,399.59716796875,12.07
399.96337890625,399.59716796875,12.08
399.96337890625,399.59716796875,12.09
399.96337890625,399.59716796875,12.1
399.96337890625,399.59716796875,12.11
399.96337890625,400.20751953125,12.12
399.96337890625,399.59716796875,12.13
399.96337890625,399.59716796875,12.14
399.96337890625,399.59716796875,12.15
399.96337890625,400.20751953125,12.16
399.96337890625,400.20751953125,12.17
399.96337890625,399.59716796875,12.18
399.96337890625,399.59716796875,12.19
399.96337890625,399.59716796875,12.2
399.96337890625,400.20751953125,12.21
399.96337890625,399.59716796875,12.22
399.96337890625,400.20751953125,12.23
399.96337890625,400.20751953125,12.24
399.96337890625,399.59716796875,12.25
399.96337890625,399.59716796875,12.26
399.96337890625,400.20751953125,12.27
399.96337890625,400.20751953125,12.28
399.96337890625,400.20751953125,12.29
399.96337890625,399.59716796875,12.3
399.96337890625,400.20751953125,12.31
399.96337890625,400.20751953125,12.32
399.96337890625,400.20751953125,12.33
399.96337890625,399.59716796875,12.34
399.96337890625,400.20751953125,12.35
399.96337890625,399.59716796875,12.36
399.96337890625,400.20751953125,12.37
399.96337890625,399.59716796875,12.38
399.96337890625,400.20751953125,12.39
399.96337890625,399.59716796875,12.4
399.96337890625,400.20751953125,12.41
399.96337890625,399.59716796875,12.42
399.96337890625,400.20751953125,12.43
399.96337890625,400.20751953125,12.44
399.96337890625,399.59716796875,12.45
399.96337890625,400.20751953125,12.46
399.96337890625,400.20751953125,12.47
399.96337890625,399.59716796875,12.48
399.96337890625,399.59716796875,12.49
399.96337890625,400.20751953125,12.5
399.96337890625,400.20751953125,12.51
399.96337890625,399.59716796875,12.52
399.96337890625,399.59716796875,12.53
399.96337890625,400.20751953125,12.54
399.96337890625,399.59716796875,12.55
399.96337890625,399.59716796875,12.56
399.96337890625,400.20751953125,12.57
399.96337890625,400.20751953125,12.58
399.96337890625,400.20751953125,12.59
399.96337890625,399.59716796875,12.6
399.96337890625,400.20751953125,12.61
399.96337890625,400.20751953125,12.62
399.96337890625,399.59716796875,12.63
399.96337890625,400.20751953125,12.64
399.96337890625,399.59716796875,12.65
399.96337890625,400.20751953125,12.66
399.96337890625,400.20751953125,12.67
399.96337890625,399.59716796875,12.68
399.96337890625,400.20751953125,12.69
399.96337890625,399.59716796875,12.7
399.96337890625,399.59716796875,12.71
399.96337890625,400.20751953125,12.72
399.96337890625,400.20751953125,12.73
399.96337890625,399.59716796875,12.74
399.96337890625,400.20751953125,12.75
399.96337890625,400.20751953125,12.76
399.96337890625,400.20751953125,12.77
399.96337890625,399.59716796875,12.78
399.96337890625,400.20751953125,12.79
399.96337890625,399.59716796875,12.8
399.96337890625,400.20751953125,12.81
399.96337890625,400.20751953125,12.82
399.96337890625,399.59716796875,12.83
399.96337890625,400.20751953125,12.84
399.96337890625,400.20751953125,12.85
399.96337890625,399.59716796875,12.86
399.96337890625,400.20751953125,12.87
399.96337890625,400.20751953125,12.88
399.96337890625,400.20751953125,12.89
399.96337890625,400.20751953125,12.9
399.96337890625,400.20751953125,12.91
399.96337890625,399.59716796875,12.92
399.96337890625,400.20751953125,12.93
399.96337890625,399.59716796875,12.94
399.96337890625,400.7568359375,12.95
399.96337890625,399.59716796875,12.96
399.96337890625,400.20751953125,12.97
399.96337890625,399.59716796875,12.98
399.96337890625,400.20751953125,12.99
399.96337890625,400.20751953125,13.0
399.96337890625,399.59716796875,13.01
399.96337890625,400.20751953125,13.02
399.96337890625,400.20751953125,13.03
399.96337890625,399.59716796875,13.04
399.96337890625,400.20751953125,13.05
399.96337890625,400.20751953125,13.06
399.96337890625,400.20751953125,13.07
399.96337890625,399.59716796875,13.08
399.96337890625,400.20751953125,13.09
399.96337890625,400.20751953125,13.1
399.96337890625,399.59716796875,13.11
399.96337890625,400.20751953125,13.12
399.96337890625,400.20751953125,13.13
399.96337890625,399.59716796875,13.14
399.96337890625,400.20751953125,13.15
399.96337890625,399.59716796875,13.16
399.96337890625,400.20751953125,13.17
399.96337890625,400.20751953125,13.18
399.96337890625,400.20751953125,13.19
399.96337890625,399.59716796875,13.2
399.96337890625,400.20751953125,13.21
399.96337890625,400.20751953125,13.22
399.96337890625,400.20751953125,13.23
399.96337890625,399.59716796875,13.24
399.96337890625,400.20751953125,13.25
399.96337890625,399.59716796875,13.26
399.96337890625,400.20751953125,13.27
399.96337890625,400.20751953125,13.28
399.96337890625,399.59716796875,13.29
399.96337890625,400.20751953125,13.3
399.96337890625,399.59716796875,13.31
399.96337890625,400.20751953125,13.32
399.96337890625,400.20751953125,13.33
399.96337890625,400.20751953125,13.34
399.96337890625,399.59716796875,13.35
399.96337890625,400.20751953125,13.36
399.96337890625,399.59716796875,13.37
399.96337890625,400.20751953125,13.38
399.96337890625,400.20751953125,13.39
399.96337890625,399.59716796875,13.4
399.96337890625,400.20751953125,13.41
399.96337890625,399.59716796875,13.42
399.96337890625,400.20751953125,13.43
399.96337890625,399.59716796875,13.44
399.96337890625,400.20751953125,13.45
399.96337890625,399.59716796875,13.46
399.96337890625,400.20751953125,13.47
399.96337890625,400.20751953125,13.48
399.96337890625,399.59716796875,13.49
399.96337890625,400.20751953125,13.5
399.96337890625,400.20751953125,13.51
399.96337890625,399.59716796875,13.52
399.96337890625,400.20751953125,13.53
399.96337890625,399.59716796875,13.54
399.96337890625,400.20751953125,13.55
399.96337890625,399.59716796875,13.56
399.96337890625,400.20751953125,13.57
399.96337890625,399.59716796875,13.58
399.96337890625,400.20751953125,13.59
399.96337890625,399.59716796875,13.6
399.96337890625,400.20751953125,13.61
399.96337890625,400.20751953125,13.62
399.96337890625,399.59716796875,13.63
399.96337890625,400.20751953125,13.64
399.96337890625,400.20751953125,13.65
399.96337890625,399.59716796875,13.66
399.96337890625,400.20751953125,13.67
399.96337890625,399.59716796875,13.68
399.96337890625,400.20751953125,13.69
399.96337890625,400.20751953125,13.7
399.96337890625,399.59716796875,13.71
399.96337890625,399.59716796875,13.72
399.96337890625,400.20751953125,13.73
399.96337890625,400.20751953125,13.74
399.96337890625,400.20751953125,13.75
399.96337890625,399.59716796875,13.76
399.96337890625,400.20751953125,13.77
399.96337890625,399.59716796875,13.78
399.96337890625,400.20751953125,13.79
399.96337890625,400.20751953125,13.8
399.96337890625,400.20751953125,13.81
399.96337890625,399.59716796875,13.82
399.96337890625,400.20751953125,13.83
399.96337890625,399.59716796875,13.84
399.96337890625,400.20751953125,13.85
399.96337890625,400.20751953125,13.86
399.96337890625,399.59716796875,13.87
399.96337890625,400.20751953125,13.88
399.96337890625,399.59716796875,13.89
399.96337890625,400.20751953125,13.9
399.96337890625,400.20751953125,13.91
399.96337890625,399.59716796875,13.92
399.96337890625,400.20751953125,13.93
399.96337890625,400.20751953125,13.94
399.96337890625,399.59716796875,13.95
399.96337890625,400.20751953125,13.96
399.96337890625,400.20751953125,13.97
399.96337890625,400.20751953125,13.98
399.96337890625,399.59716796875,13.99
399.96337890625,400.20751953125,14.0
399.96337890625,400.20751953125,14.01
399.96337890625,399.59716796875,14.02
399.96337890625,400.20751953125,14.03
399.96337890625,400.20751953125,14.04
399.96337890625,400.20751953125,14.05
399.96337890625,400.20751953125,14.06
399.96337890625,400.20751953125,14.07
399.96337890625,400.20751953125,14.08
399.96337890625,399.59716796875,14.09
399.96337890625,400.7568359375,14.1
399.96337890625,400.20751953125,14.11
399.96337890625,400.20751953125,14.12
399.96337890625,399.59716796875,14.13
399.96337890625,400.20751953125,14.14
399.96337890625,400.20751953125,14.15
399.96337890625,399.59716796875,14.16
399.96337890625,400.20751953125,14.17
399.96337890625,400.20751953125,14.18
399.96337890625,400.20751953125,14.19
399.96337890625,399.59716796875,14.2
399.96337890625,399.59716796875,14.21
399.96337890625,400.20751953125,14.22
399.96337890625,400.20751953125,14.23
399.96337890625,400.20751953125,14.24
399.96337890625,400.20751953125,14.25
399.96337890625,400.20751953125,14.26
399.96337890625,399.59716796875,14.27
399.96337890625,399.59716796875,14.28
399.96337890625,400.7568359375,14.29
399.96337890625,399.59716796875,14.3
399.96337890625,399.59716796875,14.31
399.96337890625,400.20751953125,14.32
399.96337890625,400.20751953125,14.33
399.96337890625,400.20751953125,14.34
399.96337890625,399.59716796875,14.35
399.96337890625,400.20751953125,14.36
399.96337890625,400.20751953125,14.37
399.96337890625,399.59716796875,14.38
399.96337890625,400.20751953125,14.39
399.96337890625,400.7568359375,14.4
399.96337890625,399.59716796875,14.41
399.96337890625,400.20751953125,14.42
399.96337890625,399.59716796875,14.43
399.96337890625,400.20751953125,14.44
399.96337890625,399.59716796875,14.45
399.96337890625,400.20751953125,14.46
399.96337890625,400.20751953125,14.47
399.96337890625,399.59716796875,14.48
399.96337890625,400.20751953125,14.49
399.96337890625,400.20751953125,14.5
399.96337890625,399.59716796875,14.51
399.96337890625,400.20751953125,14.52
399.96337890625,400.20751953125,14.53
399.96337890625,399.59716796875,14.54
399.96337890625,400.20751953125,14.55
399.96337890625,400.20751953125,14.56
399.96337890625,400.20751953125,14.57
399.96337890625,399.59716796875,14.58
399.96337890625,399.59716796875,14.59
399.96337890625,400.20751953125,14.6
399.96337890625,400.20751953125,14.61
399.96337890625,399.59716796875,14.62
399.96337890625,400.20751953125,14.63
399.96337890625,400.20751953125,14.64
399.96337890625,399.59716796875,14.65
399.96337890625,399.59716796875,14.66
399.96337890625,400.20751953125,14.67
399.96337890625,400.20751953125,14.68
399.96337890625,400.20751953125,14.69
399.96337890625,400.20751953125,14.7
399.96337890625,399.59716796875,14.71
399.96337890625,400.20751953125,14.72
399.96337890625,400.20751953125,14.73
399.96337890625,399.59716796875,14.74
399.96337890625,400.20751953125,14.75
399.96337890625,399.59716796875,14.76
399.96337890625,400.20751953125,14.77
399.96337890625,400.20751953125,14.78
399.96337890625,400.20751953125,14.79
399.96337890625,399.59716796875,14.8
399.96337890625,400.20751953125,14.81
399.96337890625,400.20751953125,14.82
399.96337890625,399.59716796875,14.83
399.96337890625,400.20751953125,14.84
399.96337890625,400.20751953125,14.85
399.96337890625,400.20751953125,14.86
399.96337890625,399.59716796875,14.87
399.96337890625,400.20751953125,14.88
399.96337890625,399.59716796875,14.89
399.96337890625,400.20751953125,14.9
399.96337890625,400.20751953125,14.91
399.96337890625,400.20751953125,14.92
399.96337890625,399.59716796875,14.93
399.96337890625,399.59716796875,14.94
399.96337890625,400.20751953125,14.95
399.96337890625,400.20751953125,14.96
399.96337890625,400.20751953125,14.97
399.96337890625,399.59716796875,14.98
399.96337890625,399.59716796875,14.99
399.96337890625,400.20751953125,15.0
399.96337890625,400.20751953125,15.01
399.96337890625,400.20751953125,15.02
399.96337890625,399.59716796875,15.03
399.96337890625,399.59716796875,15.04
399.96337890625,400.20751953125,15.05
399.96337890625,399.59716796875,15.06
399.96337890625,400.20751953125,15.07
399.96337890625,399.59716796875,15.08
399.96337890625,400.20751953125,15.09
399.96337890625,399.59716796875,15.1
399.96337890625,400.20751953125,15.11
399.96337890625,399.59716796875,15.12
399.96337890625,400.20751953125,15.13
399.96337890625,399.59716796875,15.14
399.96337890625,400.20751953125,15.15
399.96337890625,400.20751953125,15.16
399.96337890625,399.59716796875,15.17
399.96337890625,399.59716796875,15.18
399.96337890625,400.20751953125,15.19
399.96337890625,400.20751953125,15.2
399.96337890625,399.59716796875,15.21
399.96337890625,400.20751953125,15.22
399.96337890625,399.59716796875,15.23
399.96337890625,400.20751953125,15.24
399.96337890625,399.59716796875,15.25
399.96337890625,399.59716796875,15.26
399.96337890625,400.20751953125,15.27
399.96337890625,400.20751953125,15.28
399.96337890625,400.20751953125,15.29
399.96337890625,399.59716796875,15.3
399.96337890625,400.20751953125,15.31
399.96337890625,399.59716796875,15.32
399.96337890625,400.20751953125,15.33
399.96337890625,399.59716796875,15.34
399.96337890625,400.20751953125,15.35
399.96337890625,400.20751953125,15.36
399.96337890625,399.59716796875,15.37
399.96337890625,399.59716796875,15.38
399.96337890625,400.20751953125,15.39
399.96337890625,399.59716796875,15.4
399.96337890625,400.20751953125,15.41
399.96337890625,400.20751953125,15.42
399.96337890625,399.59716796875,15.43
399.96337890625,400.20751953125,15.44
399.96337890625,399.59716796875,15.45
399.96337890625,400.20751953125,15.46
399.96337890625,400.20751953125,15.47
399.96337890625,399.59716796875,15.48
399.96337890625,399.59716796875,15.49
399.96337890625,400.20751953125,15.5
399.96337890625,400.20751953125,15.51
399.96337890625,399.59716796875,15.52
399.96337890625,400.20751953125,15.53
399.96337890625,399.59716796875,15.54
399.96337890625,400.20751953125,15.55
399.96337890625,399.59716796875,15.56
399.96337890625,400.20751953125,15.57
399.96337890625,400.20751953125,15.58
399.96337890625,400.20751953125,15.59
399.96337890625,400.20751953125,15.6
399.96337890625,399.59716796875,15.61
399.96337890625,400.20751953125,15.62
399.96337890625,399.59716796875,15.63
399.96337890625,400.20751953125,15.64
399.96337890625,400.20751953125,15.65
399.96337890625,399.59716796875,15.66
399.96337890625,400.20751953125,15.67
399.96337890625,399.59716796875,15.68
399.96337890625,400.20751953125,15.69
399.96337890625,400.20751953125,15.7
399.96337890625,399.59716796875,15.71
399.96337890625,399.59716796875,15.72
399.96337890625,400.20751953125,15.73
399.96337890625,400.20751953125,15.74
399.96337890625,400.20751953125,15.75
399.96337890625,399.59716796875,15.76
399.96337890625,399.59716796875,15.77
399.96337890625,400.20751953125,15.78
399.96337890625,400.20751953125,15.79
399.96337890625,399.59716796875,15.8
399.96337890625,400.20751953125,15.81
399.96337890625,399.59716796875,15.82
399.96337890625,400.20751953125,15.83
399.96337890625,400.20751953125,15.84
399.96337890625,399.59716796875,15.85
399.96337890625,400.20751953125,15.86
399.96337890625,399.59716796875,15.87
399.96337890625,400.20751953125,15.88
399.96337890625,399.59716796875,15.89
399.96337890625,400.20751953125,15.9
399.96337890625,400.20751953125,15.91
399.96337890625,400.20751953125,15.92
399.96337890625,399.59716796875,15.93
399.96337890625,399.59716796875,15.94
399.96337890625,400.20751953125,15.95
399.96337890625,400.20751953125,15.96
399.96337890625,400.20751953125,15.97
399.96337890625,399.59716796875,15.98
399.96337890625,399.59716796875,15.99
399.96337890625,400.20751953125,16.0
399.96337890625,400.20751953125,16.01
399.96337890625,399.59716796875,16.02
399.96337890625,400.20751953125,16.03
399.96337890625,400.20751953125,16.04
399.96337890625,400.20751953125,16.05
399.96337890625,399.59716796875,16.06
399.96337890625,400.20751953125,16.07
399.96337890625,399.59716796875,16.08
399.96337890625,400.20751953125,16.09
399.96337890625,400.20751953125,16.1
399.96337890625,399.59716796875,16.11
399.96337890625,400.20751953125,16.12
399.96337890625,400.20751953125,16.13
399.96337890625,399.59716796875,16.14
399.96337890625,400.20751953125,16.15
399.96337890625,399.59716796875,16.16
399.96337890625,400.20751953125,16.17
399.96337890625,400.20751953125,16.18
399.96337890625,400.20751953125,16.19
399.96337890625,400.20751953125,16.2
399.96337890625,399.59716796875,16.21
399.96337890625,400.20751953125,16.22
399.96337890625,399.59716796875,16.23
399.96337890625,400.20751953125,16.24
399.96337890625,400.20751953125,16.25
399.96337890625,399.59716796875,16.26
399.96337890625,400.20751953125,16.27
399.96337890625,399.59716796875,16.28
399.96337890625,400.20751953125,16.29
399.96337890625,399.59716796875,16.3
399.96337890625,400.20751953125,16.31
399.96337890625,400.20751953125,16.32
399.96337890625,399.59716796875,16.33
399.96337890625,400.20751953125,16.34
399.96337890625,400.20751953125,16.35
399.96337890625,399.59716796875,16.36
399.96337890625,400.20751953125,16.37
399.96337890625,400.20751953125,16.38
399.96337890625,399.59716796875,16.39
399.96337890625,400.20751953125,16.4
399.96337890625,399.59716796875,16.41
399.96337890625,400.20751953125,16.42
399.96337890625,400.20751953125,16.43
399.96337890625,399.59716796875,16.44
399.96337890625,400.20751953125,16.45
399.96337890625,399.59716796875,16.46
399.96337890625,400.20751953125,16.47
399.96337890625,400.20751953125,16.48
399.96337890625,400.20751953125,16.49
399.96337890625,397.76611328125,16.5
399.96337890625,400.7568359375,16.51
399.96337890625,400.20751953125,16.52
399.96337890625,400.7568359375,16.53
399.96337890625,399.59716796875,16.54
399.96337890625,400.20751953125,16.55
399.96337890625,400.20751953125,16.56
399.96337890625,400.20751953125,16.57
399.96337890625,399.59716796875,16.58
399.96337890625,400.20751953125,16.59
399.96337890625,399.59716796875,16.6
399.96337890625,400.20751953125,16.61
399.96337890625,400.20751953125,16.62
399.96337890625,400.20751953125,16.63
399.96337890625,399.59716796875,16.64
399.96337890625,402.587890625,16.65
399.96337890625,399.59716796875,16.66
399.96337890625,399.59716796875,16.67
399.96337890625,399.59716796875,16.68
399.96337890625,400.20751953125,16.69
399.96337890625,400.20751953125,16.7
399.96337890625,399.59716796875,16.71
399.96337890625,399.59716796875,16.72
399.96337890625,400.20751953125,16.73
399.96337890625,400.20751953125,16.74
399.96337890625,399.59716796875,16.75
399.96337890625,400.20751953125,16.76
399.96337890625,400.20751953125,16.77
399.96337890625,400.20751953125,16.78
399.96337890625,399.59716796875,16.79
399.96337890625,400.20751953125,16.8
399.96337890625,400.20751953125,16.81
399.96337890625,400.20751953125,16.82
399.96337890625,399.59716796875,16.83
399.96337890625,400.20751953125,16.84
399.96337890625,399.59716796875,16.85
399.96337890625,400.20751953125,16.86
399.96337890625,399.59716796875,16.87
399.96337890625,400.20751953125,16.88
399.96337890625,399.59716796875,16.89
399.96337890625,400.20751953125,16.9
399.96337890625,399.59716796875,16.91
399.96337890625,400.20751953125,16.92
399.96337890625,400.20751953125,16.93
399.96337890625,399.59716796875,16.94
399.96337890625,400.20751953125,16.95
399.96337890625,400.20751953125,16.96
399.96337890625,399.59716796875,16.97
399.96337890625,400.20751953125,16.98
399.96337890625,399.59716796875,16.99
399.96337890625,400.20751953125,17.0
399.96337890625,399.59716796875,17.01
399.96337890625,399.59716796875,17.02
399.96337890625,400.20751953125,17.03
399.96337890625,400.20751953125,17.04
399.96337890625,399.59716796875,17.05
399.96337890625,400.20751953125,17.06
399.96337890625,399.59716796875,17.07
399.96337890625,400.20751953125,17.08
399.96337890625,400.20751953125,17.09
399.96337890625,399.59716796875,17.1
399.96337890625,400.20751953125,17.11
399.96337890625,399.59716796875,17.12
399.96337890625,399.59716796875,17.13
399.96337890625,400.20751953125,17.14
399.96337890625,400.20751953125,17.15
399.96337890625,399.59716796875,17.16
399.96337890625,399.59716796875,17.17
399.96337890625,400.20751953125,17.18
399.96337890625,400.20751953125,17.19
399.96337890625,399.59716796875,17.2
399.96337890625,400.20751953125,17.21
399.96337890625,399.59716796875,17.22
399.96337890625,400.20751953125,17.23
399.96337890625,400.20751953125,17.24
399.96337890625,399.59716796875,17.25
399.96337890625,400.7568359375,17.26
399.96337890625,399.59716796875,17.27
399.96337890625,399.59716796875,17.28
399.96337890625,400.20751953125,17.29
399.96337890625,400.20751953125,17.3
399.96337890625,399.59716796875,17.31
399.96337890625,400.20751953125,17.32
399.96337890625,400.20751953125,17.33
399.96337890625,399.59716796875,17.34
399.96337890625,400.20751953125,17.35
399.96337890625,399.59716796875,17.36
399.96337890625,400.20751953125,17.37
399.96337890625,400.20751953125,17.38
399.96337890625,400.20751953125,17.39
399.96337890625,399.59716796875,17.4
399.96337890625,400.20751953125,17.41
399.96337890625,400.20751953125,17.42
399.96337890625,399.59716796875,17.43
399.96337890625,400.20751953125,17.44
399.96337890625,400.20751953125,17.45
399.96337890625,399.59716796875,17.46
399.96337890625,399.59716796875,17.47
399.96337890625,400.20751953125,17.48
399.96337890625,400.20751953125,17.49
399.96337890625,400.20751953125,17.5
399.96337890625,399.59716796875,17.51
399.96337890625,399.59716796875,17.52
399.96337890625,400.20751953125,17.53
399.96337890625,400.20751953125,17.54
399.96337890625,400.20751953125,17.55
399.96337890625,399.59716796875,17.56
399.96337890625,400.20751953125,17.57
399.96337890625,400.20751953125,17.58
399.96337890625,399.59716796875,17.59
399.96337890625,400.20751953125,17.6
399.96337890625,399.59716796875,17.61
399.96337890625,400.20751953125,17.62
399.96337890625,399.59716796875,17.63
399.96337890625,400.20751953125,17.64
399.96337890625,399.59716796875,17.65
399.96337890625,400.20751953125,17.66
399.96337890625,400.20751953125,17.67
399.96337890625,399.59716796875,17.68
399.96337890625,400.20751953125,17.69
399.96337890625,400.20751953125,17.7
399.96337890625,399.59716796875,17.71
399.96337890625,400.20751953125,17.72
399.96337890625,399.59716796875,17.73
399.96337890625,400.20751953125,17.74
399.96337890625,399.59716796875,17.75
399.96337890625,400.20751953125,17.76
399.96337890625,400.20751953125,17.77
399.96337890625,400.20751953125,17.78
399.96337890625,399.59716796875,17.79
399.96337890625,400.20751953125,17.8
399.96337890625,400.20751953125,17.81
399.96337890625,399.59716796875,17.82
399.96337890625,400.20751953125,17.83
399.96337890625,400.20751953125,17.84
399.96337890625,400.20751953125,17.85
399.96337890625,399.59716796875,17.86
399.96337890625,400.20751953125,17.87
399.96337890625,400.20751953125,17.88
399.96337890625,399.59716796875,17.89
399.96337890625,400.20751953125,17.9
399.96337890625,400.20751953125,17.91
399.96337890625,399.59716796875,17.92
399.96337890625,400.20751953125,17.93
399.96337890625,400.20751953125,17.94
399.96337890625,399.59716796875,17.95
399.96337890625,400.20751953125,17.96
399.96337890625,400.20751953125,17.97
399.96337890625,400.20751953125,17.98
399.96337890625,399.59716796875,17.99
399.96337890625,400.20751953125,18.0
399.96337890625,400.20751953125,18.01
399.96337890625,399.59716796875,18.02
399.96337890625,400.20751953125,18.03
399.96337890625,400.20751953125,18.04
399.96337890625,399.59716796875,18.05
399.96337890625,400.20751953125,18.06
399.96337890625,400.20751953125,18.07
399.96337890625,399.59716796875,18.08
399.96337890625,400.20751953125,18.09
399.96337890625,399.59716796875,18.1
399.96337890625,400.20751953125,18.11
399.96337890625,400.20751953125,18.12
399.96337890625,399.59716796875,18.13
399.96337890625,400.20751953125,18.14
399.96337890625,400.20751953125,18.15
399.96337890625,399.59716796875,18.16
399.96337890625,400.20751953125,18.17
399.96337890625,400.20751953125,18.18
399.96337890625,399.59716796875,18.19
399.96337890625,400.20751953125,18.2
399.96337890625,399.59716796875,18.21
399.96337890625,400.20751953125,18.22
399.96337890625,399.59716796875,18.23
399.96337890625,400.20751953125,18.24
399.96337890625,400.20751953125,18.25
399.96337890625,399.59716796875,18.26
399.96337890625,400.20751953125,18.27
399.96337890625,399.59716796875,18.28
399.96337890625,400.20751953125,18.29
399.96337890625,400.20751953125,18.3
399.96337890625,400.20751953125,18.31
399.96337890625,399.59716796875,18.32
399.96337890625,400.20751953125,18.33
399.96337890625,399.59716796875,18.34
399.96337890625,400.20751953125,18.35
399.96337890625,399.59716796875,18.36
399.96337890625,400.20751953125,18.37
399.96337890625,399.59716796875,18.38
399.96337890625,400.20751953125,18.39
399.96337890625,399.59716796875,18.4
399.96337890625,400.20751953125,18.41
399.96337890625,400.20751953125,18.42
399.96337890625,399.59716796875,18.43
399.96337890625,400.20751953125,18.44
399.96337890625,400.20751953125,18.45
399.96337890625,399.59716796875,18.46
399.96337890625,399.59716796875,18.47
399.96337890625,400.20751953125,18.48
399.96337890625,399.59716796875,18.49
399.96337890625,400.20751953125,18.5
399.96337890625,399.59716796875,18.51
399.96337890625,399.59716796875,18.52
399.96337890625,399.59716796875,18.53
399.96337890625,400.20751953125,18.54
399.96337890625,399.59716796875,18.55
399.96337890625,400.20751953125,18.56
399.96337890625,399.59716796875,18.57
399.96337890625,399.59716796875,18.58
399.96337890625,400.20751953125,18.59
399.96337890625,399.59716796875,18.6
399.96337890625,400.20751953125,18.61
399.96337890625,399.59716796875,18.62
399.96337890625,399.59716796875,18.63
399.96337890625,400.20751953125,18.64
399.96337890625,399.59716796875,18.65
399.96337890625,399.59716796875,18.66
399.96337890625,400.20751953125,18.67
399.96337890625,399.59716796875,18.68
399.96337890625,400.20751953125,18.69
399.96337890625,399.59716796875,18.7
399.96337890625,400.20751953125,18.71
399.96337890625,399.59716796875,18.72
399.96337890625,400.20751953125,18.73
399.96337890625,400.20751953125,18.74
399.96337890625,400.20751953125,18.75
399.96337890625,399.59716796875,18.76
399.96337890625,400.20751953125,18.77
399.96337890625,399.59716796875,18.78
399.96337890625,400.20751953125,18.79
399.96337890625,399.59716796875,18.8
399.96337890625,400.20751953125,18.81
399.96337890625,400.20751953125,18.82
399.96337890625,399.59716796875,18.83
399.96337890625,400.20751953125,18.84
399.96337890625,400.20751953125,18.85
399.96337890625,399.59716796875,18.86
399.96337890625,400.20751953125,18.87
399.96337890625,400.20751953125,18.88
399.96337890625,400.20751953125,18.89
399.96337890625,399.59716796875,18.9
399.96337890625,400.20751953125,18.91
399.96337890625,399.59716796875,18.92
399.96337890625,400.20751953125,18.93
399.96337890625,400.20751953125,18.94
399.96337890625,400.20751953125,18.95
399.96337890625,399.59716796875,18.96
399.96337890625,399.59716796875,18.97
399.96337890625,400.20751953125,18.98
399.96337890625,400.20751953125,18.99
399.96337890625,400.20751953125,19.0
399.96337890625,399.59716796875,19.01
399.96337890625,400.20751953125,19.02
399.96337890625,400.20751953125,19.03
399.96337890625,400.20751953125,19.04
399.96337890625,400.20751953125,19.05
399.96337890625,400.20751953125,19.06
399.96337890625,400.20751953125,19.07
399.96337890625,399.59716796875,19.08
399.96337890625,400.20751953125,19.09
399.96337890625,400.7568359375,19.1
399.96337890625,399.59716796875,19.11
399.96337890625,400.20751953125,19.12
399.96337890625,400.20751953125,19.13
399.96337890625,399.59716796875,19.14
399.96337890625,400.20751953125,19.15
399.96337890625,400.20751953125,19.16
399.96337890625,400.20751953125,19.17
399.96337890625,400.20751953125,19.18
399.96337890625,400.20751953125,19.19
399.96337890625,400.20751953125,19.2
399.96337890625,400.20751953125,19.21
399.96337890625,399.59716796875,19.22
