0.0,0.0,0.001
0.06103515625,0.0,0.011
0.3662109375,0.0,0.021
0.91552734375,-0.6103515625,0.031
1.5869140625,0.0,0.041
2.50244140625,0.0,0.051
3.60107421875,0.0,0.061
4.94384765625,0.0,0.071
6.40869140625,0.0,0.081
8.11767578125,0.0,0.091
10.009765625,0.0,0.101
12.14599609375,0.0,0.111
14.46533203125,0.0,0.121
16.9677734375,0.0,0.131
19.6533203125,0.0,0.141
22.5830078125,0.0,0.151
25.69580078125,0.0,0.161
28.99169921875,0.0,0.171
32.470703125,0.0,0.181
36.19384765625,0.0,0.191
40.10009765625,0.0,0.201
44.189453125,0.0,0.211
48.52294921875,0.0,0.221
53.03955078125,0.0,0.231
57.7392578125,0.0,0.241
62.6220703125,0.0,0.251
67.7490234375,0.0,0.261
73.05908203125,0.0,0.271
78.55224609375,0.0,0.281
84.28955078125,0.0,0.291
90.2099609375,0.54931640625,0.301
96.3134765625,0.0,0.311
102.60009765625,0.54931640625,0.321
109.130859375,1.15966796875,0.331
115.78369140625,1.15966796875,0.341
122.74169921875,1.77001953125,0.351
129.82177734375,3.5400390625,0.361
137.14599609375,4.150390625,0.371
144.6533203125,5.37109375,0.381
152.34375,7.14111328125,0.391
160.2783203125,8.97216796875,0.401
168.3349609375,10.7421875,0.411
176.6357421875,12.5732421875,0.421
185.1806640625,13.7939453125,0.431
193.84765625,15.56396484375,0.441
202.7587890625,17.39501953125,0.451
211.60888671875,19.775390625,0.461
220.21484375,20.99609375,0.471
228.69873046875,23.37646484375,0.481
236.9384765625,25.7568359375,0.491
244.93408203125,28.1982421875,0.501
252.8076171875,31.18896484375,0.511
260.43701171875,32.958984375,0.521
267.88330078125,34.7900390625,0.531
275.08544921875,37.17041015625,0.541
282.16552734375,38.39111328125,0.551
289.00146484375,40.771484375,0.561
295.59326171875,43.15185546875,0.571
302.06298828125,47.36328125,0.581
308.28857421875,50.35400390625,0.591
314.3310546875,52.79541015625,0.601
320.1904296875,55.17578125,0.611
325.8056640625,57.55615234375,0.621
331.23779296875,60.546875,0.631
336.48681640625,62.98828125,0.641
341.552734375,63.5986328125,0.651
346.37451171875,65.97900390625,0.661
351.01318359375,69.580078125,0.671
355.46875,72.57080078125,0.681
359.68017578125,75.5615234375,0.691
363.70849609375,78.55224609375,0.701
367.5537109375,81.54296875,0.711
371.2158203125,82.763671875,0.721
374.6337890625,85.75439453125,0.731
377.86865234375,88.7451171875,0.741
380.92041015625,91.796875,0.751
383.7890625,93.56689453125,0.761
386.41357421875,96.5576171875,0.771
388.85498046875,98.388671875,0.781
391.05224609375,101.98974609375,0.791
393.12744140625,104.98046875,0.801
394.95849609375,107.36083984375,0.811
396.6064453125,109.19189453125,0.821
398.01025390625,111.572265625,0.831
399.2919921875,113.95263671875,0.841
400.32958984375,117.5537109375,0.851
401.123046875,120.54443359375,0.861
401.79443359375,121.76513671875,0.871
402.2216796875,125.3662109375,0.881
402.4658203125,127.197265625,0.891
402.52685546875,129.57763671875,0.901
402.34375,131.9580078125,0.911
401.9775390625,134.94873046875,0.921
401.42822265625,136.77978515625,0.931
400.7568359375,139.16015625,0.941
400.20751953125,140.9912109375,0.951
399.90234375,143.37158203125,0.961
399.7802734375,146.3623046875,0.971
399.84130859375,147.5830078125,0.981
400.0244140625,150.57373046875,0.991
399.96337890625,152.34375,1.001
399.96337890625,154.1748046875,1.011
399.96337890625,155.94482421875,1.021
399.96337890625,158.99658203125,1.031
399.96337890625,160.7666015625,1.041
399.96337890625,161.376953125,1.051
399.96337890625,164.36767578125,1.061
399.96337890625,166.748046875,1.071
399.96337890625,168.5791015625,1.081
399.96337890625,170.34912109375,1.091
399.96337890625,172.79052734375,1.101
399.96337890625,173.9501953125,1.111
399.96337890625,177.001953125,1.121
399.96337890625,178.16162109375,1.131
399.96337890625,179.99267578125,1.141
399.96337890625,181.7626953125,1.151
399.96337890625,184.75341796875,1.161
399.96337890625,185.36376953125,1.171
399.96337890625,187.744140625,1.181
399.96337890625,189.5751953125,1.191
399.96337890625,191.34521484375,1.201
399.96337890625,193.17626953125,1.211
399.96337890625,194.39697265625,1.221
399.96337890625,196.77734375,1.231
399.96337890625,198.54736328125,1.241
399.96337890625,199.76806640625,1.251
399.96337890625,202.1484375,1.261
399.96337890625,203.369140625,1.271
399.96337890625,205.74951171875,1.281
399.96337890625,206.97021484375,1.291
399.96337890625,208.19091796875,1.301
399.96337890625,210.5712890625,1.311
399.96337890625,212.40234375,1.321
399.96337890625,213.56201171875,1.331
399.96337890625,214.78271484375,1.341
399.96337890625,217.1630859375,1.351
399.96337890625,218.3837890625,1.361
399.96337890625,220.15380859375,1.371
399.96337890625,221.37451171875,1.381
399.96337890625,223.20556640625,1.391
399.96337890625,224.365234375,1.401
399.96337890625,226.1962890625,1.411
399.96337890625,227.96630859375,1.421
399.96337890625,229.18701171875,1.431
399.96337890625,230.3466796875,1.441
399.96337890625,232.177734375,1.451
399.96337890625,233.3984375,1.461
399.96337890625,235.16845703125,1.471
399.96337890625,236.38916015625,1.481
399.96337890625,237.548828125,1.491
399.96337890625,239.3798828125,1.501
399.96337890625,240.6005859375,1.511
399.96337890625,241.76025390625,1.521
399.96337890625,243.59130859375,1.531
399.96337890625,244.7509765625,1.541
399.96337890625,245.9716796875,1.551
399.96337890625,246.58203125,1.561
399.96337890625,248.96240234375,1.571
399.96337890625,250.18310546875,1.581
399.96337890625,250.79345703125,1.591
399.96337890625,252.5634765625,1.601
399.96337890625,253.7841796875,1.611
399.96337890625,254.39453125,1.621
399.96337890625,256.16455078125,1.631
399.96337890625,257.38525390625,1.641
399.96337890625,259.1552734375,1.651
399.96337890625,259.765625,1.661
399.96337890625,260.986328125,1.671
399.96337890625,262.14599609375,1.681
399.96337890625,263.36669921875,1.691
399.96337890625,265.19775390625,1.701
399.96337890625,265.7470703125,1.711
399.96337890625,266.9677734375,1.721
399.96337890625,267.578125,1.731
399.96337890625,269.34814453125,1.741
399.96337890625,269.95849609375,1.751
399.96337890625,271.78955078125,1.761
399.96337890625,272.39990234375,1.771
399.96337890625,273.5595703125,1.781
399.96337890625,274.169921875,1.791
399.96337890625,276.0009765625,1.801
399.96337890625,276.55029296875,1.811
399.96337890625,277.77099609375,1.821
399.96337890625,278.99169921875,1.831
399.96337890625,279.60205078125,1.841
399.96337890625,280.76171875,1.851
399.96337890625,281.982421875,1.861
399.96337890625,282.5927734375,1.871
399.96337890625,283.75244140625,1.881
399.96337890625,284.36279296875,1.891
399.96337890625,285.58349609375,1.901
399.96337890625,286.19384765625,1.911
399.96337890625,287.353515625,1.921
399.96337890625,287.9638671875,1.931
399.96337890625,288.57421875,1.941
399.96337890625,289.794921875,1.951
399.96337890625,290.4052734375,1.961
399.96337890625,291.56494140625,1.971
399.96337890625,292.17529296875,1.981
399.96337890625,293.39599609375,1.991
399.96337890625,293.39599609375,2.001
399.96337890625,294.5556640625,2.011
399.96337890625,295.7763671875,2.021
399.96337890625,296.38671875,2.031
399.96337890625,296.9970703125,2.041
399.96337890625,297.607421875,2.051
399.96337890625,298.76708984375,2.061
399.96337890625,299.37744140625,2.071
399.96337890625,299.98779296875,2.081
399.96337890625,300.59814453125,2.091
399.96337890625,301.1474609375,2.101
399.96337890625,302.3681640625,2.111
399.96337890625,302.978515625,2.121
399.96337890625,303.5888671875,2.131
399.96337890625,304.19921875,2.141
399.96337890625,305.35888671875,2.151
399.96337890625,305.35888671875,2.161
399.96337890625,306.57958984375,2.171
399.96337890625,307.18994140625,2.181
399.96337890625,308.349609375,2.191
399.96337890625,308.349609375,2.201
399.96337890625,309.5703125,2.211
399.96337890625,310.1806640625,2.221
399.96337890625,310.1806640625,2.231
399.96337890625,311.95068359375,2.241
399.96337890625,311.4013671875,2.251
399.96337890625,313.17138671875,2.261
399.96337890625,313.17138671875,2.271
399.96337890625,314.39208984375,2.281
399.96337890625,314.39208984375,2.291
399.96337890625,315.5517578125,2.301
399.96337890625,315.5517578125,2.311
399.96337890625,316.7724609375,2.321
399.96337890625,317.3828125,2.331
399.96337890625,317.9931640625,2.341
399.96337890625,317.9931640625,2.351
399.96337890625,319.15283203125,2.361
399.96337890625,319.76318359375,2.371
399.96337890625,320.98388671875,2.381
399.96337890625,320.37353515625,2.391
399.96337890625,321.59423828125,2.401
399.96337890625,322.20458984375,2.411
399.96337890625,322.75390625,2.421
399.96337890625,323.3642578125,2.431
399.96337890625,323.974609375,2.441
399.96337890625,324.5849609375,2.451
399.96337890625,325.1953125,2.461
399.96337890625,325.1953125,2.471
399.96337890625,326.35498046875,2.481
399.96337890625,326.96533203125,2.491
399.96337890625,326.96533203125,2.501
399.96337890625,327.57568359375,2.511
399.96337890625,328.79638671875,2.521
399.96337890625,328.18603515625,2.531
399.96337890625,329.40673828125,2.541
399.96337890625,329.9560546875,2.551
399.96337890625,330.56640625,2.561
399.96337890625,330.56640625,2.571
399.96337890625,331.787109375,2.581
399.96337890625,331.787109375,2.591
399.96337890625,333.0078125,2.601
399.96337890625,333.0078125,2.611
399.96337890625,333.0078125,2.621
399.96337890625,334.16748046875,2.631
399.96337890625,334.16748046875,2.641
399.96337890625,335.38818359375,2.651
399.96337890625,335.38818359375,2.661
399.96337890625,335.99853515625,2.671
399.96337890625,336.5478515625,2.681
399.96337890625,337.158203125,2.691
399.96337890625,337.158203125,2.701
399.96337890625,337.7685546875,2.711
399.96337890625,338.37890625,2.721
399.96337890625,338.37890625,2.731
399.96337890625,339.599609375,2.741
399.96337890625,339.599609375,2.751
399.96337890625,340.14892578125,2.761
399.96337890625,340.75927734375,2.771
399.96337890625,341.36962890625,2.781
399.96337890625,341.36962890625,2.791
399.96337890625,341.97998046875,2.801
399.96337890625,342.59033203125,2.811
399.96337890625,342.59033203125,2.821
399.96337890625,343.75,2.831
399.96337890625,343.20068359375,2.841
399.96337890625,344.3603515625,2.851
399.96337890625,344.3603515625,2.861
399.96337890625,344.970703125,2.871
399.96337890625,344.970703125,2.881
399.96337890625,345.5810546875,2.891
399.96337890625,346.19140625,2.901
399.96337890625,346.8017578125,2.911
399.96337890625,346.8017578125,2.921
399.96337890625,347.35107421875,2.931
399.96337890625,347.96142578125,2.941
399.96337890625,347.96142578125,2.951
399.96337890625,348.57177734375,2.961
399.96337890625,348.57177734375,2.971
399.96337890625,349.18212890625,2.981
399.96337890625,349.79248046875,2.991
399.96337890625,350.40283203125,3.001
399.96337890625,349.79248046875,3.011
399.96337890625,350.9521484375,3.021
399.96337890625,351.5625,3.031
399.96337890625,351.5625,3.041
399.96337890625,351.5625,3.051
399.96337890625,352.1728515625,3.061
399.96337890625,352.783203125,3.071
399.96337890625,353.3935546875,3.081
399.96337890625,353.3935546875,3.091
399.96337890625,353.3935546875,3.101
399.96337890625,354.55322265625,3.111
399.96337890625,354.55322265625,3.121
399.96337890625,354.55322265625,3.131
399.96337890625,355.16357421875,3.141
399.96337890625,355.77392578125,3.151
399.96337890625,355.77392578125,3.161
399.96337890625,356.38427734375,3.171
399.96337890625,356.38427734375,3.181
399.96337890625,356.99462890625,3.191
399.96337890625,357.60498046875,3.201
399.96337890625,357.60498046875,3.211
399.96337890625,358.154296875,3.221
399.96337890625,358.154296875,3.231
399.96337890625,358.154296875,3.241
399.96337890625,359.375,3.251
399.96337890625,359.375,3.261
399.96337890625,359.9853515625,3.271
399.96337890625,359.9853515625,3.281
399.96337890625,359.9853515625,3.291
399.96337890625,361.2060546875,3.301
399.96337890625,360.595703125,3.311
399.96337890625,361.2060546875,3.321
399.96337890625,361.75537109375,3.331
399.96337890625,361.75537109375,3.341
399.96337890625,361.75537109375,3.351
399.96337890625,362.36572265625,3.361
399.96337890625,362.97607421875,3.371
399.96337890625,362.97607421875,3.381
399.96337890625,362.97607421875,3.391
399.96337890625,363.58642578125,3.401
399.96337890625,363.58642578125,3.411
399.96337890625,364.19677734375,3.421
399.96337890625,364.19677734375,3.431
399.96337890625,364.19677734375,3.441
399.96337890625,364.80712890625,3.451
399.96337890625,365.3564453125,3.461
399.96337890625,364.80712890625,3.471
399.96337890625,365.966796875,3.481
399.96337890625,365.966796875,3.491
399.96337890625,365.966796875,3.501
399.96337890625,366.5771484375,3.511
399.96337890625,366.5771484375,3.521
399.96337890625,366.5771484375,3.531
399.96337890625,367.1875,3.541
399.96337890625,367.1875,3.551
399.96337890625,367.7978515625,3.561
399.96337890625,367.7978515625,3.571
399.96337890625,367.7978515625,3.581
399.96337890625,368.408203125,3.591
399.96337890625,368.408203125,3.601
399.96337890625,368.95751953125,3.611
399.96337890625,368.95751953125,3.621
399.96337890625,368.95751953125,3.631
399.96337890625,369.56787109375,3.641
399.96337890625,369.56787109375,3.651
399.96337890625,369.56787109375,3.661
399.96337890625,370.78857421875,3.671
399.96337890625,370.17822265625,3.681
399.96337890625,370.17822265625,3.691
399.96337890625,370.78857421875,3.701
399.96337890625,370.78857421875,3.711
399.96337890625,371.39892578125,3.721
399.96337890625,371.39892578125,3.731
399.96337890625,371.39892578125,3.741
399.96337890625,372.00927734375,3.751
399.96337890625,372.00927734375,3.761
399.96337890625,372.00927734375,3.771
399.96337890625,372.55859375,3.781
399.96337890625,373.1689453125,3.791
399.96337890625,372.55859375,3.801
399.96337890625,373.1689453125,3.811
399.96337890625,373.1689453125,3.821
399.96337890625,373.779296875,3.831
399.96337890625,373.779296875,3.841
399.96337890625,373.779296875,3.851
399.96337890625,374.3896484375,3.861
399.96337890625,374.3896484375,3.871
399.96337890625,374.3896484375,3.881
399.96337890625,375.0,3.891
399.96337890625,375.0,3.901
399.96337890625,375.0,3.911
399.96337890625,375.0,3.921
399.96337890625,375.54931640625,3.931
399.96337890625,376.15966796875,3.941
399.96337890625,375.54931640625,3.951
399.96337890625,376.15966796875,3.961
399.96337890625,376.15966796875,3.971
399.96337890625,376.15966796875,3.981
399.96337890625,376.77001953125,3.991
399.96337890625,376.77001953125,4.001
399.96337890625,376.77001953125,4.011
399.96337890625,376.77001953125,4.021
399.96337890625,377.38037109375,4.031
399.96337890625,377.38037109375,4.041
399.96337890625,377.38037109375,4.051
399.96337890625,377.38037109375,4.061
399.96337890625,377.99072265625,4.071
399.96337890625,377.99072265625,4.081
399.96337890625,377.99072265625,4.091
399.96337890625,377.99072265625,4.101
399.96337890625,378.60107421875,4.111
399.96337890625,378.60107421875,4.121
399.96337890625,378.60107421875,4.131
399.96337890625,378.60107421875,4.141
399.96337890625,379.150390625,4.151
399.96337890625,379.150390625,4.161
399.96337890625,379.150390625,4.171
399.96337890625,379.7607421875,4.181
399.96337890625,379.7607421875,4.191
399.96337890625,379.150390625,4.201
399.96337890625,380.37109375,4.211
399.96337890625,379.7607421875,4.221
399.96337890625,380.37109375,4.231
399.96337890625,380.37109375,4.241
399.96337890625,380.37109375,4.251
399.96337890625,380.9814453125,4.261
399.96337890625,380.37109375,4.271
399.96337890625,380.9814453125,4.281
399.96337890625,380.9814453125,4.291
399.96337890625,381.591796875,4.301
399.96337890625,380.9814453125,4.311
399.96337890625,381.591796875,4.321
399.96337890625,381.591796875,4.331
399.96337890625,382.2021484375,4.341
399.96337890625,381.591796875,4.351
399.96337890625,382.2021484375,4.361
399.96337890625,382.2021484375,4.371
399.96337890625,382.2021484375,4.381
399.96337890625,382.2021484375,4.391
399.96337890625,382.75146484375,4.401
399.96337890625,382.75146484375,4.411
399.96337890625,382.75146484375,4.421
399.96337890625,382.75146484375,4.431
399.96337890625,382.75146484375,4.441
399.96337890625,383.36181640625,4.451
399.96337890625,383.36181640625,4.461
399.96337890625,383.36181640625,4.471
399.96337890625,383.36181640625,4.481
399.96337890625,383.97216796875,4.491
399.96337890625,383.36181640625,4.501
399.96337890625,383.97216796875,4.511
399.96337890625,383.97216796875,4.521
399.96337890625,384.58251953125,4.531
399.96337890625,383.97216796875,4.541
399.96337890625,384.58251953125,4.551
399.96337890625,385.19287109375,4.561
399.96337890625,384.58251953125,4.571
399.96337890625,385.19287109375,4.581
399.96337890625,385.19287109375,4.591
399.96337890625,385.19287109375,4.601
399.96337890625,385.19287109375,4.611
399.96337890625,385.80322265625,4.621
399.96337890625,385.80322265625,4.631
399.96337890625,385.80322265625,4.641
399.96337890625,385.80322265625,4.651
399.96337890625,385.80322265625,4.661
399.96337890625,385.80322265625,4.671
399.96337890625,386.3525390625,4.681
399.96337890625,386.3525390625,4.691
399.96337890625,386.3525390625,4.701
399.96337890625,386.962890625,4.711
399.96337890625,386.962890625,4.721
399.96337890625,386.962890625,4.731
399.96337890625,386.962890625,4.741
399.96337890625,386.962890625,4.751
399.96337890625,386.962890625,4.761
399.96337890625,387.5732421875,4.771
399.96337890625,387.5732421875,4.781
399.96337890625,387.5732421875,4.791
399.96337890625,387.5732421875,4.801
399.96337890625,388.18359375,4.811
399.96337890625,387.5732421875,4.821
399.96337890625,387.5732421875,4.831
399.96337890625,388.18359375,4.841
399.96337890625,388.18359375,4.851
399.96337890625,388.18359375,4.861
399.96337890625,388.18359375,4.871
399.96337890625,388.7939453125,4.881
399.96337890625,388.18359375,4.891
399.96337890625,388.18359375,4.901
399.96337890625,388.7939453125,4.911
399.96337890625,388.7939453125,4.921
399.96337890625,388.7939453125,4.931
399.96337890625,388.18359375,4.941
399.96337890625,389.404296875,4.951
399.96337890625,388.7939453125,4.961
399.96337890625,389.404296875,4.971
399.96337890625,388.7939453125,4.981
399.96337890625,389.404296875,4.991
399.96337890625,389.404296875,5.001
399.96337890625,389.404296875,5.011
399.96337890625,389.404296875,5.021
399.96337890625,389.404296875,5.031
399.96337890625,389.404296875,5.041
399.96337890625,389.404296875,5.051
399.96337890625,389.404296875,5.061
399.96337890625,389.95361328125,5.071
399.96337890625,389.95361328125,5.081
399.96337890625,389.404296875,5.091
399.96337890625,389.95361328125,5.101
399.96337890625,389.95361328125,5.111
399.96337890625,389.95361328125,5.121
399.96337890625,389.95361328125,5.131
399.96337890625,389.95361328125,5.141
399.96337890625,390.56396484375,5.151
399.96337890625,389.95361328125,5.161
399.96337890625,390.56396484375,5.171
399.96337890625,390.56396484375,5.181
399.96337890625,390.56396484375,5.191
399.96337890625,390.56396484375,5.201
399.96337890625,390.56396484375,5.211
399.96337890625,390.56396484375,5.221
399.96337890625,391.17431640625,5.231
399.96337890625,391.17431640625,5.241
399.96337890625,390.56396484375,5.251
399.96337890625,391.17431640625,5.261
399.96337890625,391.17431640625,5.271
399.96337890625,391.17431640625,5.281
399.96337890625,391.17431640625,5.291
399.96337890625,391.17431640625,5.301
399.96337890625,391.17431640625,5.311
399.96337890625,391.17431640625,5.321
399.96337890625,391.78466796875,5.331
399.96337890625,391.78466796875,5.341
399.96337890625,391.78466796875,5.351
399.96337890625,391.17431640625,5.361
399.96337890625,391.78466796875,5.371
399.96337890625,391.78466796875,5.381
399.96337890625,391.78466796875,5.391
399.96337890625,391.78466796875,5.401
399.96337890625,392.39501953125,5.411
399.96337890625,391.78466796875,5.421
399.96337890625,392.39501953125,5.431
399.96337890625,391.78466796875,5.441
399.96337890625,391.78466796875,5.451
399.96337890625,393.00537109375,5.461
399.96337890625,391.78466796875,5.471
399.96337890625,393.00537109375,5.481
399.96337890625,392.39501953125,5.491
399.96337890625,392.39501953125,5.501
399.96337890625,392.39501953125,5.511
399.96337890625,393.00537109375,5.521
399.96337890625,393.00537109375,5.531
399.96337890625,392.39501953125,5.541
399.96337890625,393.00537109375,5.551
399.96337890625,393.00537109375,5.561
399.96337890625,393.00537109375,5.571
399.96337890625,393.00537109375,5.581
399.96337890625,393.00537109375,5.591
399.96337890625,393.00537109375,5.601
399.96337890625,393.00537109375,5.611
399.96337890625,393.00537109375,5.621
399.96337890625,393.00537109375,5.631
399.96337890625,393.5546875,5.641
399.96337890625,393.00537109375,5.651
399.96337890625,393.00537109375,5.661
399.96337890625,393.5546875,5.671
399.96337890625,393.00537109375,5.681
399.96337890625,393.5546875,5.691
399.96337890625,393.00537109375,5.701
399.96337890625,393.5546875,5.711
399.96337890625,393.5546875,5.721
399.96337890625,393.5546875,5.731
399.96337890625,393.5546875,5.741
399.96337890625,393.5546875,5.751
399.96337890625,393.5546875,5.761
399.96337890625,393.5546875,5.771
399.96337890625,394.1650390625,5.781
399.96337890625,393.5546875,5.791
399.96337890625,394.1650390625,5.801
399.96337890625,394.1650390625,5.811
399.96337890625,393.5546875,5.821
399.96337890625,394.1650390625,5.831
399.96337890625,394.1650390625,5.841
399.96337890625,394.775390625,5.851
399.96337890625,394.1650390625,5.861
399.96337890625,394.1650390625,5.871
399.96337890625,394.1650390625,5.881
399.96337890625,394.1650390625,5.891
399.96337890625,394.775390625,5.901
399.96337890625,394.775390625,5.911
399.96337890625,394.1650390625,5.921
399.96337890625,394.775390625,5.931
399.96337890625,394.775390625,5.941
399.96337890625,394.775390625,5.951
399.96337890625,394.775390625,5.961
399.96337890625,395.3857421875,5.971
399.96337890625,394.775390625,5.981
399.96337890625,394.775390625,5.991

