0.0,0.0,0.001
0.06103515625,0.0,0.011
0.3662109375,0.0,0.021
0.8544921875,0.0,0.031
1.5869140625,0.0,0.041
2.50244140625,0.0,0.051
3.60107421875,0.0,0.061
4.8828125,0.0,0.071
6.40869140625,0.0,0.081
8.11767578125,0.0,0.091
10.009765625,0.0,0.101
12.14599609375,0.0,0.111
14.404296875,0.0,0.121
16.90673828125,1.15966796875,0.131
19.6533203125,1.77001953125,0.141
22.52197265625,4.150390625,0.151
25.634765625,6.591796875,0.161
28.9306640625,9.58251953125,0.171
32.470703125,12.5732421875,0.181
36.19384765625,16.17431640625,0.191
40.10009765625,20.3857421875,0.201
44.25048828125,22.76611328125,0.211
48.583984375,26.9775390625,0.221
53.1005859375,31.18896484375,0.231
57.80029296875,35.400390625,0.241
62.68310546875,39.55078125,0.251
67.81005859375,45.59326171875,0.261
73.1201171875,49.74365234375,0.271
78.61328125,52.79541015625,0.281
84.3505859375,56.94580078125,0.291
90.27099609375,64.14794921875,0.301
96.37451171875,71.96044921875,0.31
102.6611328125,76.7822265625,0.32
109.19189453125,80.99365234375,0.33
115.90576171875,87.58544921875,0.34
122.802734375,92.95654296875,0.35
129.8828125,98.388671875,0.36
137.20703125,105.5908203125,0.37
144.71435546875,114.56298828125,0.38
152.40478515625,120.54443359375,0.39
160.33935546875,125.9765625,0.4
168.45703125,137.0849609375,0.41
176.7578125,140.9912109375,0.42
185.24169921875,147.5830078125,0.43
193.9697265625,155.94482421875,0.44
202.81982421875,164.97802734375,0.45
211.669921875,173.40087890625,0.46
220.3369140625,179.99267578125,0.47
228.759765625,187.744140625,0.48
236.99951171875,197.998046875,0.49
245.05615234375,204.58984375,0.5
252.86865234375,212.40234375,0.51
260.498046875,220.15380859375,0.52
267.9443359375,227.35595703125,0.53
275.146484375,235.16845703125,0.54
282.2265625,241.76025390625,0.55
289.0625,249.57275390625,0.56
295.71533203125,256.77490234375,0.57
302.1240234375,262.75634765625,0.58
308.349609375,270.56884765625,0.59
314.39208984375,276.0009765625,0.6
320.25146484375,282.5927734375,0.61
325.86669921875,289.1845703125,0.62
331.298828125,295.166015625,0.63
336.5478515625,301.1474609375,0.64
341.552734375,306.57958984375,0.65
346.435546875,312.56103515625,0.66
351.07421875,317.3828125,0.67
355.46875,323.3642578125,0.68
359.7412109375,327.57568359375,0.69
363.76953125,333.0078125,0.7
367.61474609375,337.7685546875,0.71
371.2158203125,341.97998046875,0.72
374.69482421875,346.19140625,0.73
377.9296875,350.9521484375,0.74
380.9814453125,354.55322265625,0.75
383.7890625,358.154296875,0.76
386.41357421875,362.36572265625,0.77
388.85498046875,365.3564453125,0.78
391.11328125,368.408203125,0.79
393.12744140625,372.00927734375,0.8
394.95849609375,374.3896484375,0.81
396.6064453125,377.38037109375,0.82
398.0712890625,379.150390625,0.83
399.2919921875,382.2021484375,0.84
400.32958984375,384.58251953125,0.85
401.18408203125,385.80322265625,0.86
401.79443359375,386.962890625,0.87
402.2216796875,389.404296875,0.88
402.4658203125,390.56396484375,0.89
402.52685546875,391.78466796875,0.9
402.34375,392.39501953125,0.91
401.9775390625,393.5546875,0.92
401.42822265625,394.1650390625,0.93
400.7568359375,393.5546875,0.94
400.20751953125,394.775390625,0.95
399.90234375,394.1650390625,0.96
399.7802734375,395.3857421875,0.97
399.84130859375,394.775390625,0.98
400.0244140625,395.3857421875,0.99
399.96337890625,395.99609375,1.0
399.96337890625,395.99609375,1.01
399.96337890625,395.99609375,1.02
399.96337890625,397.15576171875,1.03
399.96337890625,396.6064453125,1.04
399.96337890625,397.15576171875,1.05
399.96337890625,397.15576171875,1.06
399.96337890625,397.15576171875,1.07
399.96337890625,398.37646484375,1.08
399.96337890625,397.15576171875,1.09
399.96337890625,398.37646484375,1.1
399.96337890625,397.76611328125,1.11
399.96337890625,398.37646484375,1.12
399.96337890625,398.37646484375,1.13
399.96337890625,398.98681640625,1.14
399.96337890625,398.37646484375,1.15
399.96337890625,398.98681640625,1.16
399.96337890625,398.98681640625,1.17
399.96337890625,398.98681640625,1.18
399.96337890625,398.37646484375,1.19
399.96337890625,399.59716796875,1.2
399.96337890625,398.98681640625,1.21
399.96337890625,399.59716796875,1.22
399.96337890625,398.98681640625,1.23
399.96337890625,399.59716796875,1.24
399.96337890625,398.98681640625,1.25
399.96337890625,399.59716796875,1.26
399.96337890625,399.59716796875,1.27
399.96337890625,399.59716796875,1.28
399.96337890625,397.15576171875,1.29
399.96337890625,400.20751953125,1.3
399.96337890625,400.7568359375,1.31
399.96337890625,400.20751953125,1.32
399.96337890625,399.59716796875,1.33
399.96337890625,399.59716796875,1.34
399.96337890625,400.20751953125,1.35
399.96337890625,399.59716796875,1.36
399.96337890625,399.59716796875,1.37
399.96337890625,400.20751953125,1.38
399.96337890625,399.59716796875,1.39
399.96337890625,399.59716796875,1.4
399.96337890625,399.59716796875,1.41
399.96337890625,400.20751953125,1.42
399.96337890625,400.20751953125,1.43
399.96337890625,402.587890625,1.44
399.96337890625,398.98681640625,1.45
399.96337890625,399.59716796875,1.46
399.96337890625,399.59716796875,1.47
399.96337890625,399.59716796875,1.48
399.96337890625,400.20751953125,1.49
399.96337890625,400.20751953125,1.5
399.96337890625,400.20751953125,1.51
399.96337890625,399.59716796875,1.52
399.96337890625,400.20751953125,1.53
399.96337890625,399.59716796875,1.54
399.96337890625,400.20751953125,1.55
399.96337890625,400.20751953125,1.56
399.96337890625,400.20751953125,1.57
399.96337890625,399.59716796875,1.58
399.96337890625,400.20751953125,1.59
399.96337890625,400.20751953125,1.6
399.96337890625,400.20751953125,1.61
399.96337890625,400.20751953125,1.62
399.96337890625,399.59716796875,1.63
399.96337890625,400.20751953125,1.64
399.96337890625,400.20751953125,1.65
399.96337890625,399.59716796875,1.66
399.96337890625,400.20751953125,1.67
399.96337890625,399.59716796875,1.68
399.96337890625,400.20751953125,1.69
399.96337890625,399.59716796875,1.7
399.96337890625,400.20751953125,1.71
399.96337890625,400.20751953125,1.72
399.96337890625,400.20751953125,1.73
399.96337890625,399.59716796875,1.74
399.96337890625,400.20751953125,1.75
399.96337890625,400.20751953125,1.76
399.96337890625,400.20751953125,1.77
399.96337890625,399.59716796875,1.78
399.96337890625,399.59716796875,1.79
399.96337890625,400.20751953125,1.8
399.96337890625,400.20751953125,1.81
399.96337890625,399.59716796875,1.82
399.96337890625,400.20751953125,1.83
399.96337890625,400.20751953125,1.84
399.96337890625,399.59716796875,1.85
399.96337890625,399.59716796875,1.86
399.96337890625,400.7568359375,1.87
399.96337890625,399.59716796875,1.88
399.96337890625,400.20751953125,1.89
399.96337890625,400.20751953125,1.9
399.96337890625,399.59716796875,1.91
399.96337890625,400.20751953125,1.92
399.96337890625,399.59716796875,1.93
399.96337890625,400.20751953125,1.94
399.96337890625,399.59716796875,1.95
399.96337890625,399.59716796875,1.96
399.96337890625,400.20751953125,1.97
399.96337890625,399.59716796875,1.98
399.96337890625,400.20751953125,1.99
399.96337890625,399.59716796875,2.0
399.96337890625,399.59716796875,2.01
399.96337890625,400.20751953125,2.02
399.96337890625,399.59716796875,2.03
399.96337890625,399.59716796875,2.04
399.96337890625,400.20751953125,2.05
399.96337890625,400.20751953125,2.06
399.96337890625,399.59716796875,2.07
399.96337890625,399.59716796875,2.08
399.96337890625,399.59716796875,2.09
399.96337890625,400.20751953125,2.1
399.96337890625,399.59716796875,2.11
399.96337890625,399.59716796875,2.12
399.96337890625,400.20751953125,2.13
399.96337890625,400.20751953125,2.14
399.96337890625,399.59716796875,2.15
399.96337890625,399.59716796875,2.16
399.96337890625,400.20751953125,2.17
399.96337890625,400.20751953125,2.18
399.96337890625,400.20751953125,2.19
399.96337890625,399.59716796875,2.2
399.96337890625,400.20751953125,2.21
399.96337890625,400.20751953125,2.22
399.96337890625,399.59716796875,2.23
399.96337890625,400.20751953125,2.24
399.96337890625,400.7568359375,2.25
399.96337890625,399.59716796875,2.26
399.96337890625,399.59716796875,2.27
399.96337890625,400.7568359375,2.28
399.96337890625,400.20751953125,2.29
399.96337890625,399.59716796875,2.3
399.96337890625,400.20751953125,2.31
399.96337890625,400.20751953125,2.32
399.96337890625,400.20751953125,2.33
399.96337890625,400.20751953125,2.34
399.96337890625,399.59716796875,2.35
399.96337890625,400.7568359375,2.36
399.96337890625,399.59716796875,2.37
399.96337890625,400.20751953125,2.38
399.96337890625,400.20751953125,2.39
399.96337890625,400.20751953125,2.4
399.96337890625,400.20751953125,2.41
399.96337890625,399.59716796875,2.42
399.96337890625,400.20751953125,2.43
399.96337890625,400.20751953125,2.44
399.96337890625,399.59716796875,2.45
399.96337890625,400.20751953125,2.46
399.96337890625,400.20751953125,2.47
399.96337890625,400.20751953125,2.48
399.96337890625,399.59716796875,2.49
399.96337890625,400.20751953125,2.5
399.96337890625,400.20751953125,2.51
399.96337890625,400.20751953125,2.52
399.96337890625,400.20751953125,2.53
399.96337890625,399.59716796875,2.54
399.96337890625,400.20751953125,2.55
399.96337890625,400.20751953125,2.56
399.96337890625,399.59716796875,2.57
399.96337890625,400.20751953125,2.58
399.96337890625,400.20751953125,2.59
399.96337890625,399.59716796875,2.6
399.96337890625,400.20751953125,2.61
399.96337890625,400.20751953125,2.62
399.96337890625,400.20751953125,2.63
399.96337890625,399.59716796875,2.64
399.96337890625,400.20751953125,2.65
399.96337890625,400.20751953125,2.66
399.96337890625,399.59716796875,2.67
399.96337890625,400.20751953125,2.68
399.96337890625,399.59716796875,2.69
399.96337890625,400.20751953125,2.7
399.96337890625,400.20751953125,2.71
399.96337890625,399.59716796875,2.72
399.96337890625,400.20751953125,2.73
399.96337890625,400.20751953125,2.74
399.96337890625,399.59716796875,2.75
399.96337890625,399.59716796875,2.76
399.96337890625,400.20751953125,2.77
399.96337890625,400.7568359375,2.78
399.96337890625,399.59716796875,2.79
399.96337890625,400.20751953125,2.8
399.96337890625,400.20751953125,2.81
399.96337890625,399.59716796875,2.82
399.96337890625,400.20751953125,2.83
399.96337890625,400.20751953125,2.84
399.96337890625,399.59716796875,2.85
399.96337890625,400.20751953125,2.86
399.96337890625,399.59716796875,2.87
399.96337890625,400.20751953125,2.88
399.96337890625,400.20751953125,2.89
399.96337890625,400.20751953125,2.9
399.96337890625,399.59716796875,2.91
399.96337890625,400.20751953125,2.92
399.96337890625,400.20751953125,2.93
399.96337890625,399.59716796875,2.94
399.96337890625,400.20751953125,2.95
399.96337890625,400.20751953125,2.96
399.96337890625,400.20751953125,2.97
399.96337890625,399.59716796875,2.98
399.96337890625,399.59716796875,2.99
399.96337890625,400.20751953125,3.0
399.96337890625,400.20751953125,3.01
399.96337890625,399.59716796875,3.02
399.96337890625,400.20751953125,3.03
399.96337890625,399.59716796875,3.04
399.96337890625,399.59716796875,3.05
399.96337890625,400.20751953125,3.06
399.96337890625,400.20751953125,3.07
399.96337890625,400.20751953125,3.08
399.96337890625,399.59716796875,3.09
399.96337890625,399.59716796875,3.1
399.96337890625,400.7568359375,3.11
399.96337890625,399.59716796875,3.12
399.96337890625,399.59716796875,3.13
399.96337890625,400.20751953125,3.14
399.96337890625,400.20751953125,3.15
399.96337890625,399.59716796875,3.16
399.96337890625,400.20751953125,3.17
399.96337890625,399.59716796875,3.18
399.96337890625,400.20751953125,3.19
399.96337890625,399.59716796875,3.2
399.96337890625,400.20751953125,3.21
399.96337890625,400.20751953125,3.22
399.96337890625,400.20751953125,3.23
399.96337890625,399.59716796875,3.24
399.96337890625,400.20751953125,3.25
399.96337890625,400.20751953125,3.26
399.96337890625,399.59716796875,3.27
399.96337890625,399.59716796875,3.28
399.96337890625,400.7568359375,3.29
399.96337890625,399.59716796875,3.3
399.96337890625,399.59716796875,3.31
399.96337890625,400.20751953125,3.32
399.96337890625,399.59716796875,3.33
399.96337890625,400.20751953125,3.34
399.96337890625,399.59716796875,3.35
399.96337890625,400.20751953125,3.36
399.96337890625,400.20751953125,3.37
399.96337890625,399.59716796875,3.38
399.96337890625,399.59716796875,3.39
399.96337890625,400.7568359375,3.4
399.96337890625,399.59716796875,3.41
399.96337890625,399.59716796875,3.42
399.96337890625,400.20751953125,3.43
399.96337890625,400.20751953125,3.44
399.96337890625,399.59716796875,3.45
399.96337890625,400.20751953125,3.46
399.96337890625,399.59716796875,3.47
399.96337890625,400.20751953125,3.48
399.96337890625,400.20751953125,3.49
399.96337890625,399.59716796875,3.5
399.96337890625,400.20751953125,3.51
399.96337890625,400.20751953125,3.52
399.96337890625,399.59716796875,3.53
399.96337890625,400.20751953125,3.54
399.96337890625,399.59716796875,3.55
399.96337890625,400.7568359375,3.56
399.96337890625,399.59716796875,3.57
399.96337890625,400.20751953125,3.58
399.96337890625,399.59716796875,3.59
399.96337890625,400.20751953125,3.6
399.96337890625,400.20751953125,3.61
399.96337890625,400.20751953125,3.62
399.96337890625,399.59716796875,3.63
399.96337890625,400.20751953125,3.64
399.96337890625,399.59716796875,3.65
399.96337890625,400.20751953125,3.66
399.96337890625,400.20751953125,3.67
399.96337890625,399.59716796875,3.68
399.96337890625,400.20751953125,3.69
399.96337890625,400.20751953125,3.7
399.96337890625,400.20751953125,3.71
399.96337890625,399.59716796875,3.72
399.96337890625,400.20751953125,3.73
399.96337890625,399.59716796875,3.74
399.96337890625,400.20751953125,3.75
399.96337890625,399.59716796875,3.76
399.96337890625,400.20751953125,3.77
399.96337890625,400.20751953125,3.78
399.96337890625,399.59716796875,3.79
399.96337890625,400.20751953125,3.8
399.96337890625,399.59716796875,3.81
399.96337890625,400.20751953125,3.82
399.96337890625,400.20751953125,3.83
399.96337890625,400.20751953125,3.84
399.96337890625,400.20751953125,3.85
399.96337890625,399.59716796875,3.86
399.96337890625,400.20751953125,3.87
399.96337890625,399.59716796875,3.88
399.96337890625,399.59716796875,3.89
399.96337890625,400.7568359375,3.9
399.96337890625,399.59716796875,3.91
399.96337890625,399.59716796875,3.92
399.96337890625,400.20751953125,3.93
399.96337890625,400.20751953125,3.94
399.96337890625,400.20751953125,3.95
399.96337890625,399.59716796875,3.96
399.96337890625,400.20751953125,3.97
399.96337890625,400.20751953125,3.98
399.96337890625,400.20751953125,3.99
399.96337890625,399.59716796875,4.0
399.96337890625,400.7568359375,4.01
399.96337890625,399.59716796875,4.02
399.96337890625,400.20751953125,4.03
399.96337890625,399.59716796875,4.04
399.96337890625,400.20751953125,4.05
399.96337890625,400.20751953125,4.06
399.96337890625,400.20751953125,4.07
399.96337890625,399.59716796875,4.08
399.96337890625,400.20751953125,4.09
399.96337890625,399.59716796875,4.1
399.96337890625,400.20751953125,4.11
399.96337890625,399.59716796875,4.12
399.96337890625,400.20751953125,4.13
399.96337890625,400.20751953125,4.14
399.96337890625,400.20751953125,4.15
399.96337890625,399.59716796875,4.16
399.96337890625,400.20751953125,4.17
399.96337890625,399.59716796875,4.18
399.96337890625,400.20751953125,4.19
399.96337890625,400.20751953125,4.2
399.96337890625,399.59716796875,4.21
399.96337890625,399.59716796875,4.22
399.96337890625,400.20751953125,4.23
399.96337890625,400.20751953125,4.24
399.96337890625,399.59716796875,4.25
399.96337890625,399.59716796875,4.26
399.96337890625,400.20751953125,4.27
399.96337890625,400.20751953125,4.28
399.96337890625,400.20751953125,4.29
399.96337890625,400.20751953125,4.3
399.96337890625,399.59716796875,4.31
399.96337890625,400.20751953125,4.32
399.96337890625,399.59716796875,4.33
399.96337890625,400.20751953125,4.34
399.96337890625,400.20751953125,4.35
399.96337890625,399.59716796875,4.36
399.96337890625,400.20751953125,4.37
399.96337890625,399.59716796875,4.38
399.96337890625,400.20751953125,4.39
399.96337890625,399.59716796875,4.4
399.96337890625,400.20751953125,4.41
399.96337890625,400.20751953125,4.42
399.96337890625,400.20751953125,4.43
399.96337890625,399.59716796875,4.44
399.96337890625,400.20751953125,4.45
399.96337890625,400.20751953125,4.46
399.96337890625,400.20751953125,4.47
399.96337890625,399.59716796875,4.48
399.96337890625,399.59716796875,4.49
399.96337890625,400.20751953125,4.5
399.96337890625,399.59716796875,4.51
399.96337890625,400.20751953125,4.52
399.96337890625,399.59716796875,4.53
399.96337890625,399.59716796875,4.54
399.96337890625,400.20751953125,4.55
399.96337890625,399.59716796875,4.56

399.96337890625,399.59716796875,4.76
399.96337890625,398.98681640625,4.77
399.96337890625,398.98681640625,4.78
399.96337890625,398.37646484375,4.79
399.96337890625,397.76611328125,4.80
399.96337890625,397.15576171875,4.81
399.96337890625,396.6064453125,4.82
399.96337890625,394.775390625,4.83
399.96337890625,394.775390625,4.84
399.96337890625,393.5546875,4.85
399.96337890625,391.78466796875,4.86
399.96337890625,391.17431640625,4.87
399.96337890625,390.56396484375,4.88
399.96337890625,389.404296875,4.89
399.96337890625,388.18359375,4.90
399.96337890625,387.5732421875,4.91
399.96337890625,388.7939453125,4.92
399.96337890625,389.95361328125,4.93
399.96337890625,389.95361328125,4.94
399.96337890625,391.17431640625,4.95
399.96337890625,394.775390625,4.96
399.96337890625,395.99609375,4.97
399.96337890625,395.3857421875,4.98
399.96337890625,394.1650390625,4.99
399.96337890625,400.7568359375,5.00
399.96337890625,398.98681640625,5.01
399.96337890625,400.7568359375,5.02
399.96337890625,400.20751953125,5.03
399.96337890625,398.37646484375,5.04
399.96337890625,399.59716796875,5.05
399.96337890625,400.20751953125,5.06
399.96337890625,400.20751953125,5.07
399.96337890625,398.98681640625,5.08
399.96337890625,399.59716796875,5.09
399.96337890625,400.20751953125,5.1
399.96337890625,399.59716796875,5.11
399.96337890625,399.59716796875,5.12
399.96337890625,399.59716796875,5.13
399.96337890625,400.20751953125,5.14
399.96337890625,399.59716796875,5.15
399.96337890625,398.98681640625,5.16
399.96337890625,400.20751953125,5.17
399.96337890625,400.20751953125,5.18
399.96337890625,398.98681640625,5.19
399.96337890625,399.59716796875,5.2
399.96337890625,400.20751953125,5.21
399.96337890625,399.59716796875,5.22
399.96337890625,398.37646484375,5.23
399.96337890625,400.20751953125,5.24
399.96337890625,400.7568359375,5.25
399.96337890625,398.37646484375,5.26
399.96337890625,398.98681640625,5.27
399.96337890625,400.7568359375,5.28
399.96337890625,399.59716796875,5.29
399.96337890625,398.98681640625,5.3
399.96337890625,399.59716796875,5.31
399.96337890625,400.20751953125,5.32
399.96337890625,399.59716796875,5.33
399.96337890625,398.98681640625,5.34
399.96337890625,400.20751953125,5.35
399.96337890625,400.20751953125,5.36
399.96337890625,399.59716796875,5.37
399.96337890625,398.98681640625,5.38
399.96337890625,400.20751953125,5.39
399.96337890625,400.20751953125,5.4
399.96337890625,399.59716796875,5.41
399.96337890625,398.98681640625,5.42
399.96337890625,400.20751953125,5.43
399.96337890625,400.20751953125,5.44
399.96337890625,398.98681640625,5.45
399.96337890625,398.98681640625,5.46
399.96337890625,400.7568359375,5.47
399.96337890625,400.20751953125,5.48
399.96337890625,398.37646484375,5.49
399.96337890625,399.59716796875,5.5
399.96337890625,401.3671875,5.51
399.96337890625,398.98681640625,5.52
399.96337890625,398.98681640625,5.53
399.96337890625,400.20751953125,5.54
399.96337890625,400.20751953125,5.55
399.96337890625,399.59716796875,5.56
399.96337890625,398.98681640625,5.57
399.96337890625,400.20751953125,5.58
399.96337890625,400.20751953125,5.59
399.96337890625,399.59716796875,5.6
399.96337890625,398.98681640625,5.61
399.96337890625,400.20751953125,5.62
399.96337890625,400.7568359375,5.63
399.96337890625,398.98681640625,5.64
399.96337890625,399.59716796875,5.65
399.96337890625,400.20751953125,5.66
399.96337890625,400.20751953125,5.67
399.96337890625,398.98681640625,5.68
399.96337890625,399.59716796875,5.69
399.96337890625,400.20751953125,5.7
399.96337890625,400.20751953125,5.71
399.96337890625,398.98681640625,5.72
399.96337890625,399.59716796875,5.73
399.96337890625,400.20751953125,5.74
399.96337890625,399.59716796875,5.75
399.96337890625,399.59716796875,5.76
399.96337890625,399.59716796875,5.77
399.96337890625,400.7568359375,5.78
399.96337890625,398.98681640625,5.79
399.96337890625,399.59716796875,5.8
399.96337890625,400.7568359375,5.81
399.96337890625,399.59716796875,5.82
399.96337890625,398.98681640625,5.83
399.96337890625,399.59716796875,5.84
399.96337890625,400.7568359375,5.85
399.96337890625,400.20751953125,5.86
399.96337890625,398.37646484375,5.87
399.96337890625,400.20751953125,5.88
399.96337890625,400.7568359375,5.89
399.96337890625,398.98681640625,5.9
399.96337890625,399.59716796875,5.91
399.96337890625,400.20751953125,5.92
399.96337890625,400.20751953125,5.93
399.96337890625,399.59716796875,5.94
399.96337890625,399.59716796875,5.95
399.96337890625,400.20751953125,5.96
399.96337890625,400.20751953125,5.97
399.96337890625,398.98681640625,5.98
399.96337890625,399.59716796875,5.99
399.96337890625,400.7568359375,6.0
399.96337890625,400.20751953125,6.01
399.96337890625,398.37646484375,6.02
399.96337890625,400.20751953125,6.03
399.96337890625,400.7568359375,6.04
399.96337890625,399.59716796875,6.05
399.96337890625,398.98681640625,6.06
399.96337890625,400.20751953125,6.07
399.96337890625,400.7568359375,6.08
399.96337890625,398.98681640625,6.09
399.96337890625,399.59716796875,6.1
399.96337890625,400.7568359375,6.11
399.96337890625,399.59716796875,6.12
399.96337890625,398.98681640625,6.13
399.96337890625,400.20751953125,6.14
399.96337890625,400.7568359375,6.15
399.96337890625,398.98681640625,6.16
399.96337890625,399.59716796875,6.17
399.96337890625,400.20751953125,6.18
399.96337890625,400.20751953125,6.19
399.96337890625,398.98681640625,6.2
399.96337890625,399.59716796875,6.21
399.96337890625,400.7568359375,6.22
399.96337890625,400.20751953125,6.23
399.96337890625,398.98681640625,6.24
399.96337890625,399.59716796875,6.25
399.96337890625,401.3671875,6.26
399.96337890625,399.59716796875,6.27
399.96337890625,398.37646484375,6.28
399.96337890625,400.7568359375,6.29
399.96337890625,400.7568359375,6.3
399.96337890625,398.98681640625,6.31
399.96337890625,398.98681640625,6.32
399.96337890625,400.7568359375,6.33
399.96337890625,400.20751953125,6.34
399.96337890625,398.98681640625,6.35
399.96337890625,399.59716796875,6.36
399.96337890625,400.7568359375,6.37
399.96337890625,400.20751953125,6.38
399.96337890625,398.98681640625,6.39
399.96337890625,399.59716796875,6.4
399.96337890625,400.7568359375,6.41
399.96337890625,399.59716796875,6.42
399.96337890625,398.98681640625,6.43
399.96337890625,400.20751953125,6.44
399.96337890625,400.20751953125,6.45
399.96337890625,399.59716796875,6.46
399.96337890625,399.59716796875,6.47
399.96337890625,399.59716796875,6.48
399.96337890625,400.7568359375,6.49
399.96337890625,398.98681640625,6.5
399.96337890625,399.59716796875,6.51
399.96337890625,400.20751953125,6.52
399.96337890625,400.7568359375,6.53
399.96337890625,398.98681640625,6.54
399.96337890625,399.59716796875,6.55
399.96337890625,400.20751953125,6.56
399.96337890625,400.7568359375,6.57
399.96337890625,398.37646484375,6.58
399.96337890625,400.20751953125,6.59
399.96337890625,400.7568359375,6.6
399.96337890625,399.59716796875,6.61
399.96337890625,398.98681640625,6.62
399.96337890625,400.20751953125,6.63
399.96337890625,400.20751953125,6.64
399.96337890625,400.20751953125,6.65
399.96337890625,398.98681640625,6.66
399.96337890625,400.20751953125,6.67
399.96337890625,400.7568359375,6.68
399.96337890625,398.98681640625,6.69
399.96337890625,400.20751953125,6.7
399.96337890625,400.20751953125,6.71
399.96337890625,400.20751953125,6.72
399.96337890625,398.98681640625,6.73
399.96337890625,400.20751953125,6.74
399.96337890625,400.7568359375,6.75
399.96337890625,399.59716796875,6.76
399.96337890625,398.98681640625,6.77
399.96337890625,400.20751953125,6.78
399.96337890625,400.7568359375,6.79
399.96337890625,399.59716796875,6.8
399.96337890625,398.98681640625,6.81
399.96337890625,400.20751953125,6.82
399.96337890625,400.7568359375,6.83
399.96337890625,399.59716796875,6.84
399.96337890625,399.59716796875,6.85
399.96337890625,400.20751953125,6.86
399.96337890625,400.7568359375,6.87
399.96337890625,398.98681640625,6.88
399.96337890625,399.59716796875,6.89
399.96337890625,401.3671875,6.9
399.96337890625,399.59716796875,6.91
399.96337890625,398.98681640625,6.92
399.96337890625,400.7568359375,6.93
399.96337890625,400.7568359375,6.94
399.96337890625,398.98681640625,6.95
399.96337890625,398.98681640625,6.96
399.96337890625,400.7568359375,6.97
399.96337890625,400.7568359375,6.98
399.96337890625,399.59716796875,6.99
399.96337890625,398.98681640625,7.0
399.96337890625,400.7568359375,7.01
399.96337890625,400.7568359375,7.02
399.96337890625,398.98681640625,7.03
399.96337890625,400.20751953125,7.04
399.96337890625,400.7568359375,7.05
399.96337890625,399.59716796875,7.06
399.96337890625,399.59716796875,7.07
399.96337890625,400.20751953125,7.08
399.96337890625,400.7568359375,7.09
399.96337890625,399.59716796875,7.1
399.96337890625,399.59716796875,7.11
399.96337890625,400.20751953125,7.12
399.96337890625,400.20751953125,7.13
399.96337890625,399.59716796875,7.14
399.96337890625,400.20751953125,7.15
399.96337890625,400.20751953125,7.16
399.96337890625,399.59716796875,7.17
399.96337890625,399.59716796875,7.18
399.96337890625,400.20751953125,7.19
399.96337890625,400.20751953125,7.2
399.96337890625,399.59716796875,7.21
399.96337890625,399.59716796875,7.22
399.96337890625,400.20751953125,7.23
399.96337890625,400.20751953125,7.24
399.96337890625,398.98681640625,7.25
399.96337890625,399.59716796875,7.26
399.96337890625,400.7568359375,7.27
399.96337890625,400.20751953125,7.28
399.96337890625,398.98681640625,7.29
399.96337890625,399.59716796875,7.3
399.96337890625,400.7568359375,7.31
399.96337890625,400.20751953125,7.32
399.96337890625,398.98681640625,7.33
399.96337890625,399.59716796875,7.34
399.96337890625,400.7568359375,7.35
399.96337890625,399.59716796875,7.36
399.96337890625,399.59716796875,7.37
399.96337890625,400.20751953125,7.38
399.96337890625,399.59716796875,7.39
399.96337890625,399.59716796875,7.4
399.96337890625,400.20751953125,7.41
399.96337890625,399.59716796875,7.42
399.96337890625,400.20751953125,7.43
399.96337890625,399.59716796875,7.44
399.96337890625,399.59716796875,7.45
399.96337890625,400.20751953125,7.46
399.96337890625,400.20751953125,7.47
399.96337890625,399.59716796875,7.48
399.96337890625,399.59716796875,7.49
399.96337890625,400.20751953125,7.5
399.96337890625,400.20751953125,7.51
399.96337890625,398.98681640625,7.52
399.96337890625,400.20751953125,7.53
399.96337890625,400.20751953125,7.54
399.96337890625,399.59716796875,7.55
399.96337890625,399.59716796875,7.56
399.96337890625,400.20751953125,7.57
399.96337890625,400.20751953125,7.58
399.96337890625,399.59716796875,7.59
399.96337890625,399.59716796875,7.6
399.96337890625,400.20751953125,7.61
399.96337890625,400.20751953125,7.62
399.96337890625,398.98681640625,7.63
399.96337890625,400.20751953125,7.64
399.96337890625,400.7568359375,7.65
399.96337890625,399.59716796875,7.66
399.96337890625,398.98681640625,7.67
399.96337890625,400.20751953125,7.68
399.96337890625,400.7568359375,7.69
399.96337890625,399.59716796875,7.7
399.96337890625,398.98681640625,7.71
399.96337890625,400.20751953125,7.72
399.96337890625,400.7568359375,7.73
399.96337890625,399.59716796875,7.74
399.96337890625,399.59716796875,7.75
399.96337890625,400.20751953125,7.76
399.96337890625,400.7568359375,7.77
399.96337890625,398.98681640625,7.78
399.96337890625,399.59716796875,7.79
399.96337890625,400.7568359375,7.8
399.96337890625,400.20751953125,7.81
399.96337890625,398.98681640625,7.82
399.96337890625,400.20751953125,7.83
399.96337890625,400.20751953125,7.84
399.96337890625,399.59716796875,7.85
399.96337890625,399.59716796875,7.86
399.96337890625,400.20751953125,7.87
399.96337890625,400.7568359375,7.88
399.96337890625,398.98681640625,7.89
399.96337890625,399.59716796875,7.9
399.96337890625,400.7568359375,7.91
399.96337890625,399.59716796875,7.92
399.96337890625,398.98681640625,7.93
399.96337890625,400.20751953125,7.94
399.96337890625,400.7568359375,7.95
399.96337890625,398.98681640625,7.96
399.96337890625,399.59716796875,7.97
399.96337890625,400.20751953125,7.98
399.96337890625,400.20751953125,7.99
399.96337890625,399.59716796875,8.0
399.96337890625,399.59716796875,8.01
399.96337890625,400.20751953125,8.02
399.96337890625,400.20751953125,8.03
399.96337890625,399.59716796875,8.04
399.96337890625,399.59716796875,8.05
399.96337890625,400.20751953125,8.06
399.96337890625,400.20751953125,8.07
399.96337890625,399.59716796875,8.08
399.96337890625,399.59716796875,8.09
399.96337890625,400.20751953125,8.1
399.96337890625,400.20751953125,8.11
399.96337890625,399.59716796875,8.12
399.96337890625,399.59716796875,8.13
399.96337890625,400.20751953125,8.14
399.96337890625,400.20751953125,8.15
399.96337890625,399.59716796875,8.16
399.96337890625,399.59716796875,8.17
399.96337890625,401.3671875,8.18
399.96337890625,399.59716796875,8.19
399.96337890625,400.7568359375,8.2
399.96337890625,401.9775390625,8.21
399.96337890625,402.587890625,8.22
399.96337890625,401.3671875,8.23
399.96337890625,402.587890625,8.24
399.96337890625,403.80859375,8.25
399.96337890625,403.1982421875,8.26
399.96337890625,403.1982421875,8.27
399.96337890625,403.1982421875,8.28
399.96337890625,404.35791015625,8.29
399.96337890625,403.80859375,8.3
399.96337890625,403.80859375,8.31
399.96337890625,403.80859375,8.32
399.96337890625,404.35791015625,8.33
399.96337890625,403.80859375,8.34
399.96337890625,404.35791015625,8.35
399.96337890625,403.80859375,8.36
399.96337890625,404.35791015625,8.37
399.96337890625,403.1982421875,8.38
399.96337890625,404.35791015625,8.39
399.96337890625,404.35791015625,8.4
399.96337890625,403.80859375,8.41
399.96337890625,403.1982421875,8.42
399.96337890625,403.80859375,8.43
399.96337890625,404.35791015625,8.44
399.96337890625,403.80859375,8.45
399.96337890625,403.1982421875,8.46
399.96337890625,403.1982421875,8.47
399.96337890625,403.80859375,8.48
399.96337890625,403.80859375,8.49
399.96337890625,403.1982421875,8.5
399.96337890625,403.1982421875,8.51
399.96337890625,403.1982421875,8.52
399.96337890625,403.1982421875,8.53
399.96337890625,402.587890625,8.54
399.96337890625,403.80859375,8.55
399.96337890625,402.587890625,8.56
399.96337890625,402.587890625,8.57
399.96337890625,402.587890625,8.58
399.96337890625,402.587890625,8.59
399.96337890625,402.587890625,8.6
399.96337890625,402.587890625,8.61
399.96337890625,402.587890625,8.62
399.96337890625,402.587890625,8.63
399.96337890625,401.9775390625,8.64
399.96337890625,401.9775390625,8.65
399.96337890625,401.9775390625,8.66
399.96337890625,402.587890625,8.67
399.96337890625,401.3671875,8.68
399.96337890625,401.9775390625,8.69
399.96337890625,401.9775390625,8.7
399.96337890625,401.3671875,8.71
399.96337890625,401.3671875,8.72
399.96337890625,401.9775390625,8.73
399.96337890625,401.3671875,8.74
399.96337890625,400.7568359375,8.75
399.96337890625,401.9775390625,8.76
399.96337890625,401.3671875,8.77
399.96337890625,400.7568359375,8.78
399.96337890625,401.3671875,8.79
399.96337890625,400.7568359375,8.8
399.96337890625,401.3671875,8.81
399.96337890625,400.7568359375,8.82
399.96337890625,400.7568359375,8.83
399.96337890625,400.7568359375,8.84
399.96337890625,400.7568359375,8.85
399.96337890625,400.7568359375,8.86
399.96337890625,400.7568359375,8.87
399.96337890625,400.20751953125,8.88
399.96337890625,401.3671875,8.89
399.96337890625,400.20751953125,8.9
399.96337890625,400.20751953125,8.91
399.96337890625,400.7568359375,8.92
399.96337890625,400.7568359375,8.93
399.96337890625,400.20751953125,8.94
399.96337890625,400.7568359375,8.95
399.96337890625,400.7568359375,8.96
399.96337890625,399.59716796875,8.97
399.96337890625,400.20751953125,8.98
399.96337890625,400.7568359375,8.99
399.96337890625,400.20751953125,9.0
399.96337890625,400.20751953125,9.01
399.96337890625,399.59716796875,9.02
399.96337890625,400.7568359375,9.03
399.96337890625,400.20751953125,9.04
399.96337890625,399.59716796875,9.05
399.96337890625,400.20751953125,9.06
399.96337890625,400.7568359375,9.07
399.96337890625,400.20751953125,9.08
399.96337890625,400.20751953125,9.09
399.96337890625,400.20751953125,9.1
399.96337890625,400.20751953125,9.11
399.96337890625,400.20751953125,9.12
399.96337890625,400.20751953125,9.13
399.96337890625,399.59716796875,9.14
399.96337890625,400.7568359375,9.15
399.96337890625,399.59716796875,9.16
399.96337890625,400.20751953125,9.17
399.96337890625,400.20751953125,9.18
399.96337890625,400.20751953125,9.19
399.96337890625,400.20751953125,9.2
399.96337890625,399.59716796875,9.21
399.96337890625,400.20751953125,9.22
399.96337890625,400.20751953125,9.23
399.96337890625,397.76611328125,9.24
399.96337890625,400.7568359375,9.25
399.96337890625,401.3671875,9.26
399.96337890625,399.59716796875,9.27
399.96337890625,400.20751953125,9.28
399.96337890625,400.20751953125,9.29
399.96337890625,400.20751953125,9.3
399.96337890625,399.59716796875,9.31
399.96337890625,400.20751953125,9.32
399.96337890625,400.20751953125,9.33
399.96337890625,400.20751953125,9.34
399.96337890625,399.59716796875,9.35
399.96337890625,400.20751953125,9.36
399.96337890625,400.7568359375,9.37
399.96337890625,400.20751953125,9.38
399.96337890625,402.587890625,9.39
399.96337890625,398.98681640625,9.4
399.96337890625,399.59716796875,9.41
399.96337890625,400.7568359375,9.42
399.96337890625,399.59716796875,9.43
399.96337890625,400.20751953125,9.44
399.96337890625,400.20751953125,9.45
399.96337890625,400.20751953125,9.46
399.96337890625,399.59716796875,9.47
399.96337890625,400.20751953125,9.48
399.96337890625,400.20751953125,9.49
399.96337890625,399.59716796875,9.5
399.96337890625,400.20751953125,9.51
399.96337890625,400.20751953125,9.52
399.96337890625,400.20751953125,9.53
399.96337890625,399.59716796875,9.54
399.96337890625,400.20751953125,9.55
399.96337890625,400.20751953125,9.56
399.96337890625,400.20751953125,9.57
399.96337890625,399.59716796875,9.58
399.96337890625,399.59716796875,9.59
399.96337890625,400.7568359375,9.6
399.96337890625,399.59716796875,9.61
399.96337890625,400.20751953125,9.62
399.96337890625,399.59716796875,9.63
399.96337890625,400.20751953125,9.64
399.96337890625,400.20751953125,9.65
399.96337890625,399.59716796875,9.66
399.96337890625,400.20751953125,9.67
399.96337890625,400.20751953125,9.68
399.96337890625,399.59716796875,9.69
399.96337890625,400.20751953125,9.7
399.96337890625,400.20751953125,9.71
399.96337890625,399.59716796875,9.72
399.96337890625,400.20751953125,9.73
399.96337890625,399.59716796875,9.74
399.96337890625,400.20751953125,9.75
399.96337890625,399.59716796875,9.76
399.96337890625,399.59716796875,9.77
399.96337890625,400.20751953125,9.78
399.96337890625,400.20751953125,9.79
399.96337890625,399.59716796875,9.8
399.96337890625,400.20751953125,9.81
399.96337890625,400.20751953125,9.82
399.96337890625,399.59716796875,9.83
399.96337890625,400.20751953125,9.84
399.96337890625,400.20751953125,9.85
399.96337890625,400.20751953125,9.86
399.96337890625,399.59716796875,9.87
399.96337890625,399.59716796875,9.88
399.96337890625,400.20751953125,9.89
399.96337890625,400.7568359375,9.9
399.96337890625,399.59716796875,9.91
399.96337890625,399.59716796875,9.92
399.96337890625,400.20751953125,9.93
399.96337890625,400.20751953125,9.94
399.96337890625,399.59716796875,9.95
399.96337890625,400.20751953125,9.96
399.96337890625,399.59716796875,9.97
399.96337890625,400.20751953125,9.98
399.96337890625,400.20751953125,9.99
399.96337890625,399.59716796875,10.0
399.96337890625,400.7568359375,10.01
399.96337890625,399.59716796875,10.02
399.96337890625,399.59716796875,10.03
399.96337890625,400.20751953125,10.04
399.96337890625,400.20751953125,10.05
399.96337890625,399.59716796875,10.06
399.96337890625,400.20751953125,10.07
399.96337890625,400.20751953125,10.08
399.96337890625,399.59716796875,10.09
399.96337890625,399.59716796875,10.1
399.96337890625,400.20751953125,10.11
399.96337890625,400.7568359375,10.12
399.96337890625,399.59716796875,10.13
399.96337890625,400.20751953125,10.14
399.96337890625,400.20751953125,10.15
399.96337890625,399.59716796875,10.16
399.96337890625,400.20751953125,10.17
399.96337890625,400.20751953125,10.18
399.96337890625,399.59716796875,10.19
399.96337890625,400.20751953125,10.2
399.96337890625,400.20751953125,10.21
399.96337890625,399.59716796875,10.22
399.96337890625,400.20751953125,10.23
399.96337890625,399.59716796875,10.24
399.96337890625,400.20751953125,10.25
399.96337890625,399.59716796875,10.26
399.96337890625,400.20751953125,10.27
399.96337890625,400.20751953125,10.28
399.96337890625,400.20751953125,10.29
399.96337890625,400.20751953125,10.3
399.96337890625,400.20751953125,10.31
399.96337890625,399.59716796875,10.32
399.96337890625,400.20751953125,10.33
399.96337890625,399.59716796875,10.34
399.96337890625,400.20751953125,10.35
399.96337890625,400.20751953125,10.36
399.96337890625,399.59716796875,10.37
399.96337890625,400.20751953125,10.38
399.96337890625,400.20751953125,10.39
399.96337890625,399.59716796875,10.4
399.96337890625,400.20751953125,10.41
399.96337890625,400.20751953125,10.42
399.96337890625,399.59716796875,10.43
399.96337890625,400.20751953125,10.44
399.96337890625,400.20751953125,10.45
399.96337890625,400.20751953125,10.46
399.96337890625,399.59716796875,10.47
399.96337890625,400.20751953125,10.48
399.96337890625,400.20751953125,10.49
399.96337890625,399.59716796875,10.5
399.96337890625,400.20751953125,10.51
399.96337890625,399.59716796875,10.52
399.96337890625,400.20751953125,10.53
399.96337890625,400.20751953125,10.54
399.96337890625,399.59716796875,10.55
399.96337890625,400.20751953125,10.56
399.96337890625,400.20751953125,10.57
399.96337890625,399.59716796875,10.58
399.96337890625,400.20751953125,10.59
399.96337890625,400.20751953125,10.6
399.96337890625,399.59716796875,10.61
399.96337890625,399.59716796875,10.62
399.96337890625,400.20751953125,10.63
399.96337890625,400.20751953125,10.64
399.96337890625,399.59716796875,10.65
399.96337890625,399.59716796875,10.66
399.96337890625,400.20751953125,10.67
399.96337890625,400.20751953125,10.68
399.96337890625,399.59716796875,10.69
399.96337890625,399.59716796875,10.7
399.96337890625,400.20751953125,10.71
399.96337890625,400.20751953125,10.72
399.96337890625,400.20751953125,10.73
399.96337890625,399.59716796875,10.74
399.96337890625,400.20751953125,10.75
399.96337890625,399.59716796875,10.76
399.96337890625,400.20751953125,10.77
399.96337890625,399.59716796875,10.78
399.96337890625,399.59716796875,10.79
399.96337890625,400.20751953125,10.8
399.96337890625,400.20751953125,10.81
399.96337890625,399.59716796875,10.82
399.96337890625,399.59716796875,10.83
399.96337890625,400.20751953125,10.84
399.96337890625,399.59716796875,10.85
399.96337890625,399.59716796875,10.86
399.96337890625,400.20751953125,10.87
399.96337890625,400.20751953125,10.88
399.96337890625,400.20751953125,10.89
399.96337890625,399.59716796875,10.9
399.96337890625,400.20751953125,10.91
399.96337890625,400.20751953125,10.92
399.96337890625,399.59716796875,10.93
399.96337890625,399.59716796875,10.94
399.96337890625,400.20751953125,10.95
399.96337890625,400.20751953125,10.96
399.96337890625,399.59716796875,10.97
399.96337890625,400.20751953125,10.98
399.96337890625,399.59716796875,10.99
399.96337890625,400.20751953125,11.0
399.96337890625,399.59716796875,11.01
399.96337890625,400.20751953125,11.02
399.96337890625,400.20751953125,11.03
399.96337890625,399.59716796875,11.04
399.96337890625,400.20751953125,11.05
399.96337890625,400.20751953125,11.06
399.96337890625,399.59716796875,11.07
399.96337890625,399.59716796875,11.08
399.96337890625,400.20751953125,11.09
